NODE_COORD_SECTION
0 50 50
1 62 90
2 15 42
3 44 99
4 72 35
5 88 61
6 53 46
7 18 6
8 28 91
9 72 73
10 92 5
11 95 91
12 54 19
13 24 62
14 97 56
15 93 78
16 69 17
17 6 57
18 24 66
19 81 52
20 60 92
21 90 43
22 24 40
23 74 63
24 69 64
25 64 95
26 51 67
27 10 72
28 4 23
29 40 11
30 11 70
31 36 40
32 95 27
33 51 33
34 70 74
35 23 52
36 90 24
37 56 5
38 33 25
39 43 100
40 12 74
41 20 78
42 40 1
43 59 17
44 45 94
45 59 22
46 39 22
47 9 35
48 96 23
49 12 23
50 69 69
51 13 41
52 76 12
53 56 1
54 50 42
55 53 91
56 6 13
57 69 8
58 99 82
59 7 4
60 67 93
61 37 5
62 22 83
63 36 32
64 74 43
65 29 68
66 54 79
67 11 42
68 98 72
69 4 73
70 33 47
71 4 40
72 21 15
73 98 30
74 96 100
75 66 55
76 6 21
77 50 37
78 47 74
79 39 41
80 39 32
81 81 98
82 64 52
83 34 30
84 96 39
85 91 55
86 5 50
87 49 13
88 77 61
89 1 92
90 23 89
91 38 94
92 0 62
93 68 87
94 65 49
95 49 40
96 38 11
97 54 82
98 99 72
99 28 75
100 35 53
101 77 21
102 51 48
103 36 44
104 94 54
105 3 20
106 63 15
107 45 10
108 5 31
109 75 1
110 54 86
111 77 39
112 48 41
113 40 64
114 85 32
115 44 86
116 84 91
117 97 30
118 11 23
119 65 47
120 71 5
121 40 5
122 49 69
123 89 14
124 74 30
125 68 94
126 76 60
127 8 42
128 39 60
129 80 23
130 32 66
131 88 70
132 11 74
133 15 85
134 70 3
135 85 38
136 77 69
137 25 75
138 40 27
139 83 74
140 14 84
141 52 34
142 1 22
143 91 62
144 69 23
145 87 63
146 90 11
147 78 60
148 79 27
149 26 35
150 95 51
151 16 30
152 90 51
153 94 86
154 71 10
155 45 32
156 8 7
157 97 27
158 52 56
159 10 58
160 21 80
161 75 4
162 63 42
163 31 5
164 31 77
165 54 55
166 45 84
167 54 57
168 25 97
169 80 69
170 69 99
171 7 90
172 17 91
173 27 81
174 51 30
175 41 58
176 44 22
177 57 31
178 24 34
179 46 86
180 52 34
181 1 4
182 69 50
183 2 96
184 33 77
185 65 4
186 0 14
187 29 29
188 70 76
189 7 11
190 88 99
191 67 50
192 89 41
193 38 31
194 57 88
195 71 17
196 43 3
197 55 14
198 86 55
199 61 13
200 40 15
201 45 4
202 89 9
203 78 50
204 69 24
205 57 67
206 87 19
207 92 73
208 17 96
209 97 38
210 75 68
211 22 27
212 49 13
213 65 79
214 29 38
215 90 81
216 50 2
217 20 32
218 61 37
219 37 12
220 8 9
221 71 9
222 64 52
223 34 32
224 49 93
225 24 7
226 37 92
227 48 51
228 42 60
229 94 64
230 64 56
231 51 86
232 31 71
233 63 43
234 87 73
235 36 56
236 21 7
237 78 25
238 80 55
239 97 34
240 39 17
241 87 61
242 13 41
243 88 13
244 15 45
245 20 0
246 57 37
247 88 90
248 56 20
249 37 56
250 45 32
251 67 81
252 72 15
253 52 40
254 40 27
255 80 4
256 7 37
257 73 49
258 23 96
259 39 82
260 89 68
261 11 41
262 19 96
263 3 1
264 15 55
265 60 100
266 64 45
267 10 26
268 26 13
269 94 63
270 0 2
271 44 77
272 71 77
273 47 64
274 53 95
275 79 49
276 23 87
277 86 83
278 57 100
279 29 79
280 99 31
281 12 8
282 6 48
283 96 24
284 44 30
285 16 0
286 29 97
287 62 57
288 74 97
289 42 90
290 90 63
291 89 76
292 39 67
293 50 59
294 4 32
295 39 74
296 41 40
297 36 17
298 94 52
299 73 20
300 62 39
301 7 35
302 2 19
303 73 94
304 66 13
305 97 81
306 82 63
307 58 80
308 85 73
309 83 17
310 46 31
311 41 89
312 21 49
313 86 84
314 5 73
315 11 0
316 79 93
317 37 7
318 45 75
319 20 16
320 88 80
321 51 0
322 91 66
323 13 47
324 43 86
325 88 34
326 96 26
327 71 100
328 39 78
329 30 84
330 55 80
331 91 45
332 3 38
333 87 55
334 85 60
335 63 51
336 2 24
337 93 28
338 66 43
339 1 15
340 74 57
341 34 58
342 45 32
343 42 42
344 95 25
345 23 0
346 83 35
347 85 60
348 67 56
349 47 96
350 43 44
351 91 84
352 5 42
353 97 35
354 46 12
355 92 74
356 33 66
357 7 65
358 83 88
359 3 78
360 88 33
361 21 61
362 68 59
363 40 1
364 94 2
365 7 36
366 78 94
367 11 19
368 30 8
369 38 53
370 35 10
371 1 75
372 76 76
373 21 65
374 65 30
375 74 66
376 32 3
377 66 52
378 70 46
379 44 75
380 38 37
381 19 84
382 38 70
383 81 31
384 57 57
385 35 93
386 94 56
387 33 93
388 78 17
389 54 59
390 65 17
391 95 45
392 13 78
393 82 70
394 49 4
395 86 31
396 71 12
397 91 64
398 64 4
399 2 52
400 87 87
401 99 18
402 53 22
403 81 37
404 45 83
405 56 64
406 52 65
407 79 32
408 82 32
409 7 6
410 36 10
411 78 99
412 70 97
413 66 13
414 18 38
415 44 97
416 69 2
417 88 72
418 34 3
419 4 14
420 82 95
421 84 14
422 75 1
423 91 27
424 67 12
425 58 46
426 83 93
427 64 93
428 92 68
429 66 95
430 57 22
431 67 51
432 84 0
433 36 73
434 3 7
435 91 8
436 33 24
437 81 78
438 1 47
439 98 38
440 38 58
441 70 27
442 1 87
443 57 62
444 12 9
445 62 2
446 37 25
447 23 92
448 47 74
449 67 46
450 88 52
451 25 88
452 93 39
453 80 45
454 25 68
455 85 0
456 30 8
457 84 5
458 11 61
459 86 47
460 16 3
461 48 81
462 95 66
463 12 91
464 88 79
465 9 92
466 87 11
467 20 15
468 84 67
469 16 41
470 41 10
471 15 88
472 98 42
473 9 45
474 91 11
475 65 25
476 90 6
477 75 62
478 26 39
479 85 85
480 100 58
481 73 25
482 69 18
483 48 7
484 42 10
485 88 21
486 14 11
487 59 60
488 7 49
489 44 84
490 78 45
491 77 88
492 87 17
493 3 83
494 62 86
495 64 76
496 94 33
497 22 16
498 99 67
499 22 74
500 64 95
501 63 42
502 56 12
503 24 53
504 92 20
505 35 58
506 66 37
507 4 46
508 39 1
509 23 95
510 83 49
511 80 86
512 1 3
513 27 28
514 30 34
515 94 93
516 48 24
517 52 100
518 84 76
519 23 87
520 94 32
521 76 11
522 9 60
523 60 53
524 11 12
525 80 13
526 50 15
527 9 78
528 13 41
529 78 16
530 35 80
531 93 18
532 16 59
533 62 7
534 37 38
535 18 52
536 55 94
537 76 33
538 35 8
539 33 0
540 13 100
541 84 22
542 91 69
543 74 79
544 24 77
545 26 73
546 79 81
547 33 63
548 51 21
549 18 73
550 95 91
551 11 50
552 89 46
553 86 42
554 53 2
555 16 95
556 20 95
557 55 89
558 42 47
559 100 40
560 47 2
561 82 77
562 6 55
563 65 39
564 58 70
565 49 64
566 51 60
567 70 89
568 95 0
569 75 65
570 48 19
571 100 77
572 66 94
573 74 52
574 83 10
575 65 40
576 18 17
577 37 8
578 97 65
579 92 1
580 63 8
581 12 56
582 9 58
583 54 44
584 14 74
585 84 48
586 61 93
587 0 29
588 70 64
589 59 21
590 23 6
591 44 0
592 55 82
593 13 8
594 12 5
595 81 0
596 0 31
597 78 88
598 87 39
599 49 8
600 78 72
601 38 34
602 0 29
603 80 86
604 24 40
605 34 75
606 56 53
607 47 35
608 62 9
609 86 93
610 64 21
611 70 22
612 13 79
613 54 7
614 48 98
615 24 10
616 77 45
617 37 20
618 35 98
619 9 74
620 32 1
621 26 71
622 68 62
623 18 92
624 20 75
625 92 10
626 80 24
627 97 87
628 75 82
629 87 27
630 31 70
631 51 53
632 79 53
633 16 35
634 58 73
635 67 45
636 54 41
637 9 95
638 51 73
639 65 46
640 64 51
641 0 91
642 37 44
643 86 3
644 54 13
645 40 2
646 28 8
647 26 18
648 75 68
649 62 98
650 82 46
651 80 8
652 10 27
653 73 26
654 31 79
655 5 64
656 21 39
657 18 89
658 92 5
659 92 5
660 47 83
661 38 27
662 83 19
663 7 8
664 85 98
665 1 43
666 68 22
667 91 23
668 99 44
669 41 89
670 8 41
671 37 69
672 2 87
673 4 1
674 37 67
675 46 31
676 15 63
677 91 80
678 63 8
679 54 2
680 83 84
681 67 91
682 20 92
683 23 10
684 18 4
685 86 98
686 18 45
687 5 22
688 30 14
689 3 72
690 58 43
691 51 10
692 29 75
693 95 93
694 40 42
695 92 25
696 28 79
697 52 85
698 45 75
699 31 23
700 67 69
701 8 17
702 53 91
703 40 27
704 59 20
705 39 34
706 39 80
707 39 82
708 44 76
709 71 84
710 13 37
711 7 15
712 54 84
713 28 34
714 21 89
715 40 57
716 24 1
717 60 82
718 90 44
719 77 20
720 76 5
721 92 18
722 15 43
723 0 42
724 27 72
725 60 11
726 100 43
727 71 53
728 97 45
729 43 61
730 19 22
731 40 39
732 47 91
733 37 99
734 87 81
735 26 54
736 25 34
737 15 3
738 26 69
739 22 19
740 49 97
741 52 97
742 24 50
743 2 11
744 45 94
745 56 90
746 98 16
747 5 12
748 40 47
749 6 31
750 44 89
751 42 54
752 41 72
753 63 14
754 63 20
755 14 70
756 91 75
757 97 44
758 4 67
759 86 51
760 5 16
761 17 73
762 51 72
763 100 97
764 47 80
765 25 70
766 42 30
767 99 76
768 85 95
769 89 26
770 44 38
771 16 92
772 29 77
773 55 58
774 23 23
775 24 72
776 46 20
777 4 81
778 79 65
779 86 69
780 42 15
781 89 31
782 70 36
783 6 97
784 91 59
785 41 97
786 14 66
787 100 36
788 70 38
789 88 70
790 38 38
791 70 4
792 85 70
793 48 34
794 75 20
795 73 22
796 39 36
797 71 23
798 7 88
799 93 68
800 72 10
801 65 22
802 15 53
803 53 8
804 63 7
805 19 10
806 46 59
807 34 46
808 44 11
809 95 27
810 4 74
811 6 71
812 45 36
813 76 47
814 66 33
815 71 21
816 84 45
817 4 24
818 49 1
819 81 83
820 46 59
821 86 97
822 41 15
823 77 11
824 85 60
825 13 56
826 18 27
827 35 29
828 76 23
829 30 0
830 45 52
831 80 91
832 67 6
833 48 14
834 66 13
835 37 10
836 41 41
837 78 89
838 41 96
839 28 40
840 51 45
841 96 94
842 40 33
843 33 29
844 88 23
845 8 67
846 12 86
847 42 5
848 10 78
849 99 29
850 53 19
851 65 64
852 85 5
853 79 65
854 83 19
855 58 59
856 60 78
857 26 84
858 58 83
859 55 80
860 20 52
861 25 85
862 56 79
863 2 49
864 88 6
865 23 68
866 2 6
867 35 47
868 54 61
869 100 19
870 73 76
871 1 61
872 84 94
873 52 48
874 1 77
875 34 31
876 38 67
877 4 74
878 88 19
879 19 22
880 40 42
881 49 27
882 59 61
883 92 16
884 74 11
885 94 77
886 42 3
887 71 37
888 26 68
889 37 62
890 42 70
891 14 83
892 17 76
893 74 42
894 83 19
895 61 77
896 45 49
897 84 67
898 23 61
899 39 74
900 23 69
901 2 42
902 66 30
903 70 85
904 100 97
905 21 49
906 98 48
907 17 86
908 34 5
909 46 23
910 100 95
911 31 17
912 25 40
913 80 11
914 44 44
915 80 10
916 55 9
917 50 29
918 36 15
919 56 8
920 95 91
921 45 65
922 56 96
923 35 85
924 71 11
925 0 12
926 79 41
927 70 37
928 66 84
929 70 61
930 23 83
931 83 61
932 15 31
933 32 97
934 81 41
935 26 50
936 17 76
937 49 13
938 97 97
939 45 18
940 88 50
941 42 39
942 79 42
943 60 64
944 90 69
945 8 88
946 2 28
947 2 63
948 96 25
949 89 35
950 7 18
951 85 2
952 65 10
953 33 33
954 42 0
955 75 96
956 31 59
957 66 93
958 62 69
959 91 79
960 11 85
961 61 15
962 71 26
963 59 15
964 94 98
965 43 5
966 57 83
967 62 51
968 12 65
969 83 85
970 85 1
971 94 57
972 79 10
973 37 1
974 7 80
975 86 14
976 32 17
977 44 11
978 23 51
979 25 92
980 33 51
981 52 34
982 15 10
983 82 55
984 89 95
985 55 67
986 32 81
987 66 33
988 17 57
989 60 43
990 90 3
991 27 66
992 34 88
993 28 85
994 22 19
995 62 8
996 18 79
997 32 44
998 14 35
999 62 74
1000 84 84
1001 36 81
1002 47 79
1003 5 84
1004 68 54
1005 9 97
1006 73 97
1007 82 9
1008 31 65
1009 56 55
1010 95 55
1011 54 48
1012 59 68
1013 39 10
1014 76 51
1015 87 85
1016 3 89
1017 26 81
1018 23 88
1019 25 87
1020 10 79
1021 22 17
1022 74 27
1023 65 72
1024 26 71
1025 9 14
1026 57 46
1027 100 51
1028 59 62
1029 88 33
1030 10 18
1031 86 90
1032 45 45
1033 1 34
1034 8 86
1035 54 76
1036 20 17
1037 46 69
1038 84 13
1039 16 93
1040 73 54
1041 97 21
1042 26 71
1043 8 12
1044 96 53
1045 76 25
1046 28 54
1047 70 45
1048 61 20
1049 9 51
1050 7 98
1051 66 54
1052 85 13
1053 12 30
1054 40 43
1055 31 29
1056 1 33
1057 47 96
1058 13 92
1059 27 11
1060 12 51
1061 98 35
1062 4 67
1063 55 53
1064 65 41
1065 84 2
1066 56 84
1067 71 32
1068 51 58
1069 70 34
1070 34 74
1071 96 47
1072 70 63
1073 55 37
1074 29 71
1075 27 55
1076 97 63
1077 68 94
1078 60 78
1079 43 25
1080 20 55
1081 90 31
1082 30 15
1083 28 83
1084 39 55
1085 58 12
1086 61 78
1087 23 63
1088 46 5
1089 69 99
1090 47 37
1091 95 47
1092 63 44
1093 17 59
1094 45 76
1095 95 52
1096 43 46
1097 26 75
1098 6 20
1099 4 35
1100 39 19
1101 78 58
1102 40 6
1103 18 7
1104 62 6
1105 94 79
1106 30 73
1107 28 94
1108 92 12
1109 100 30
1110 33 51
1111 2 78
1112 36 15
1113 31 57
1114 37 11
1115 89 67
1116 94 11
1117 28 46
1118 82 25
1119 82 27
1120 32 46
1121 4 26
1122 49 77
1123 1 9
1124 63 29
1125 22 84
1126 35 55
1127 69 86
1128 25 29
1129 7 29
1130 72 98
1131 66 73
1132 41 55
1133 4 66
1134 4 64
1135 19 80
1136 85 20
1137 26 30
1138 48 13
1139 5 17
1140 36 52
1141 4 41
1142 71 56
1143 77 38
1144 54 63
1145 20 38
1146 32 53
1147 61 60
1148 57 67
1149 65 62
1150 96 93
1151 96 0
1152 85 15
1153 64 45
1154 25 45
1155 88 85
1156 19 96
1157 27 48
1158 89 50
1159 54 50
1160 65 81
1161 47 96
1162 57 67
1163 35 54
1164 82 50
1165 15 34
1166 93 90
1167 47 53
1168 72 41
1169 96 68
1170 81 30
1171 53 9
1172 77 82
1173 15 41
1174 42 45
1175 79 72
1176 77 33
1177 32 9
1178 93 17
1179 29 27
1180 94 87
1181 93 42
1182 99 30
1183 39 50
1184 40 37
1185 64 17
1186 62 54
1187 19 68
1188 55 50
1189 34 32
1190 46 87
1191 97 46
1192 32 67
1193 24 64
1194 90 83
1195 93 56
1196 96 62
1197 20 21
1198 45 25
1199 49 63
1200 48 64
1201 62 68
1202 54 7
1203 6 49
1204 22 3
1205 35 66
1206 94 49
1207 30 61
1208 19 57
1209 5 4
1210 33 45
1211 70 97
1212 17 66
1213 22 94
1214 100 78
1215 99 57
1216 24 45
1217 10 6
1218 94 96
1219 89 19
1220 3 51
1221 33 50
1222 42 66
1223 99 12
1224 23 73
1225 29 84
1226 34 24
1227 90 72
1228 32 5
1229 72 11
1230 55 12
1231 54 3
1232 85 59
1233 44 44
1234 3 86
1235 89 20
1236 13 89
1237 82 41
1238 61 90
1239 12 83
1240 62 18
1241 57 24
1242 71 78
1243 62 40
1244 22 75
1245 60 31
1246 13 37
1247 22 40
1248 76 95
1249 10 34
1250 70 22
1251 89 53
1252 7 10
1253 25 45
1254 48 65
1255 65 79
1256 91 45
1257 90 76
1258 32 5
1259 5 100
1260 30 37
1261 71 62
1262 68 70
1263 94 49
1264 79 32
1265 28 85
1266 91 65
1267 92 100
1268 55 12
1269 37 69
1270 17 24
1271 48 64
1272 14 66
1273 72 76
1274 22 76
1275 65 58
1276 14 41
1277 77 43
1278 62 79
1279 21 15
1280 21 10
1281 100 61
1282 42 100
1283 52 1
1284 78 12
1285 83 23
1286 31 96
1287 80 4
1288 49 26
1289 92 66
1290 22 64
1291 17 55
1292 27 61
1293 67 45
1294 44 46
1295 21 100
1296 28 90
1297 23 10
1298 66 85
1299 44 63
1300 55 53
1301 9 58
1302 30 68
1303 88 82
1304 57 96
1305 49 20
1306 58 55
1307 17 32
1308 10 56
1309 35 85
1310 37 0
1311 79 58
1312 25 92
1313 29 87
1314 50 56
1315 74 80
1316 25 45
1317 66 7
1318 18 86
1319 40 49
1320 85 45
1321 27 27
1322 7 92
1323 64 83
1324 32 81
1325 38 55
1326 6 11
1327 89 3
1328 88 67
1329 62 63
1330 72 26
1331 31 0
1332 69 41
1333 21 74
1334 82 27
1335 66 1
1336 90 77
1337 82 56
1338 18 48
1339 66 3
1340 73 41
1341 44 4
1342 11 20
1343 35 44
1344 3 76
1345 43 56
1346 91 56
1347 17 17
1348 1 67
1349 88 69
1350 73 53
1351 68 57
1352 32 29
1353 94 12
1354 91 19
1355 19 44
1356 41 22
1357 51 44
1358 26 36
1359 27 4
1360 18 12
1361 20 44
1362 37 29
1363 75 18
1364 49 21
1365 10 58
1366 99 85
1367 62 79
1368 95 22
1369 36 75
1370 53 4
1371 87 22
1372 10 49
1373 54 26
1374 17 59
1375 53 9
1376 64 86
1377 37 72
1378 52 9
1379 56 47
1380 25 72
1381 0 58
1382 78 24
1383 71 32
1384 87 4
1385 100 68
1386 86 43
1387 48 26
1388 65 31
1389 22 71
1390 7 88
1391 27 5
1392 79 64
1393 87 40
1394 54 72
1395 74 74
1396 55 33
1397 77 67
1398 0 24
1399 0 73
1400 16 86
1401 51 88
1402 49 35
1403 57 28
1404 58 57
1405 1 73
1406 97 85
1407 51 2
1408 34 88
1409 3 15
1410 7 93
1411 57 77
1412 62 23
1413 1 43
1414 25 57
1415 4 40
1416 87 88
1417 35 95
1418 16 23
1419 97 84
1420 40 97
1421 87 79
1422 6 19
1423 83 81
1424 94 31
1425 0 34
1426 73 40
1427 2 85
1428 97 89
1429 32 47
1430 79 34
1431 34 69
1432 83 85
1433 88 26
1434 91 71
1435 26 94
1436 6 55
1437 4 43
1438 30 70
1439 68 40
1440 41 75
1441 10 87
1442 74 38
1443 71 62
1444 40 29
1445 100 34
1446 31 38
1447 4 54
1448 77 2
1449 51 52
1450 74 95
1451 79 19
1452 83 93
1453 69 2
1454 59 83
1455 16 79
1456 9 18
1457 51 27
1458 73 34
1459 24 78
1460 0 77
1461 98 46
1462 69 95
1463 8 83
1464 37 60
1465 49 63
1466 17 61
1467 4 7
1468 48 3
1469 44 74
1470 35 27
1471 20 25
1472 80 65
1473 2 43
1474 8 63
1475 84 15
1476 1 70
1477 44 29
1478 88 16
1479 42 19
1480 68 61
1481 73 19
1482 31 66
1483 84 21
1484 33 37
1485 41 80
1486 67 68
1487 14 17
1488 30 42
1489 53 36
1490 18 28
1491 52 32
1492 28 68
1493 64 88
1494 26 73
1495 27 4
1496 48 83
1497 35 52
1498 67 2
1499 12 92
1500 78 23
1501 26 38
1502 68 59
1503 12 85
1504 93 12
1505 48 23
1506 5 45
1507 38 19
1508 23 80
1509 94 81
1510 73 42
1511 61 29
1512 75 18
1513 82 83
1514 24 93
1515 50 38
1516 31 38
1517 35 69
1518 67 1
1519 78 41
1520 4 9
1521 66 88
1522 7 5
1523 61 49
1524 53 13
1525 70 48
1526 25 6
1527 51 59
1528 72 50
1529 34 8
1530 54 24
1531 71 77
1532 93 96
1533 33 25
1534 74 100
1535 69 32
1536 67 99
1537 98 10
1538 54 93
1539 77 61
1540 97 63
1541 23 15
1542 74 55
1543 36 95
1544 27 98
1545 3 62
1546 72 46
1547 40 43
1548 51 20
1549 82 77
1550 48 47
1551 88 48
1552 66 24
1553 90 80
1554 34 51
1555 28 97
1556 99 79
1557 10 1
1558 86 43
1559 96 68
1560 17 95
1561 3 67
1562 31 30
1563 15 96
1564 15 15
1565 73 4
1566 62 72
1567 25 1
1568 23 83
1569 33 92
1570 36 29
1571 79 41
1572 93 83
1573 64 78
1574 73 60
1575 85 63
1576 35 62
1577 5 72
1578 58 76
1579 67 29
1580 64 24
1581 100 1
1582 42 60
1583 10 95
1584 15 7
1585 76 81
1586 98 64
1587 92 22
1588 90 97
1589 60 16
1590 10 47
1591 28 86
1592 92 37
1593 69 25
1594 15 87
1595 26 82
1596 46 71
1597 77 79
1598 90 21
1599 11 20
1600 45 27
1601 55 7
1602 50 0
1603 15 13
1604 3 69
1605 57 51
1606 79 82
1607 80 16
1608 39 0
1609 31 26
1610 57 46
1611 78 54
1612 81 28
1613 25 96
1614 31 27
1615 48 53
1616 68 77
1617 11 48
1618 23 95
1619 94 30
1620 78 15
1621 68 59
1622 12 7
1623 98 43
1624 98 30
1625 55 85
1626 63 3
1627 40 37
1628 36 37
1629 3 82
1630 84 18
1631 90 46
1632 76 55
1633 11 74
1634 43 70
1635 82 98
1636 8 72
1637 84 12
1638 3 5
1639 46 45
1640 6 69
1641 99 13
1642 72 28
1643 52 78
1644 57 7
1645 40 83
1646 25 60
1647 6 73
1648 16 17
1649 46 77
1650 15 27
1651 94 19
1652 98 12
1653 53 70
1654 24 74
1655 47 72
1656 60 24
1657 28 25
1658 84 87
1659 29 63
1660 49 21
1661 100 28
1662 86 50
1663 44 65
1664 63 56
1665 91 19
1666 17 13
1667 31 58
1668 28 9
1669 75 58
1670 74 48
1671 35 1
1672 80 55
1673 1 53
1674 81 4
1675 31 36
1676 97 94
1677 66 17
1678 93 14
1679 15 98
1680 18 8
1681 59 56
1682 68 53
1683 82 27
1684 85 0
1685 74 41
1686 41 5
1687 67 31
1688 57 55
1689 3 81
1690 55 93
1691 18 18
1692 17 71
1693 16 36
1694 31 70
1695 10 8
1696 46 70
1697 20 19
1698 57 71
1699 8 74
1700 29 9
1701 34 6
1702 27 88
1703 94 18
1704 28 21
1705 41 50
1706 13 96
1707 26 12
1708 73 92
1709 39 17
1710 85 32
1711 24 67
1712 35 8
1713 82 100
1714 27 26
1715 18 80
1716 63 19
1717 54 18
1718 39 24
1719 20 8
1720 58 72
1721 0 12
1722 1 49
1723 37 22
1724 5 57
1725 58 61
1726 10 74
1727 27 64
1728 75 14
1729 77 92
1730 20 87
1731 96 43
1732 75 44
1733 81 68
1734 63 73
1735 14 92
1736 70 14
1737 74 77
1738 29 82
1739 89 71
1740 94 10
1741 90 63
1742 79 73
1743 75 66
1744 22 22
1745 12 86
1746 86 69
1747 40 51
1748 13 12
1749 37 62
1750 37 74
1751 94 79
1752 3 15
1753 50 20
1754 58 89
1755 74 63
1756 56 83
1757 31 88
1758 72 44
1759 23 16
1760 11 25
1761 44 36
1762 76 3
1763 0 77
1764 68 52
1765 91 17
1766 71 4
1767 73 98
1768 92 72
1769 75 98
1770 73 14
1771 94 5
1772 74 56
1773 40 29
1774 88 74
1775 54 80
1776 47 25
1777 15 84
1778 6 54
1779 70 88
1780 71 3
1781 43 98
1782 47 8
1783 48 29
1784 77 35
1785 63 51
1786 45 26
1787 53 96
1788 48 51
1789 31 83
1790 52 24
1791 11 81
1792 48 34
1793 20 8
1794 25 11
1795 61 87
1796 49 96
1797 21 58
1798 0 60
1799 99 81
1800 20 41
1801 38 31
1802 65 80
1803 97 20
1804 92 63
1805 51 78
1806 18 42
1807 3 69
1808 80 61
1809 41 100
1810 77 46
1811 37 37
1812 64 1
1813 22 36
1814 11 44
1815 46 25
1816 91 24
1817 24 29
1818 29 68
1819 6 74
1820 55 10
1821 94 98
1822 65 85
1823 14 23
1824 29 99
1825 70 69
1826 11 88
1827 31 96
1828 12 16
1829 2 85
1830 84 45
1831 59 26
1832 76 59
1833 3 57
1834 9 6
1835 93 90
1836 40 51
1837 42 64
1838 30 9
1839 90 42
1840 68 59
1841 67 86
1842 72 59
1843 14 61
1844 29 10
1845 90 11
1846 33 13
1847 51 25
1848 38 65
1849 39 31
1850 44 77
1851 19 32
1852 68 66
1853 68 96
1854 81 83
1855 73 81
1856 56 60
1857 1 46
1858 16 26
1859 27 18
1860 8 34
1861 67 20
1862 36 9
1863 32 27
1864 97 83
1865 69 57
1866 77 18
1867 50 52
1868 51 64
1869 23 48
1870 89 8
1871 99 38
1872 44 24
1873 0 20
1874 52 36
1875 78 60
1876 65 67
1877 79 83
1878 34 8
1879 98 28
1880 10 54
1881 66 6
1882 55 83
1883 34 58
1884 26 80
1885 72 28
1886 79 68
1887 17 88
1888 18 29
1889 79 16
1890 4 90
1891 99 76
1892 1 64
1893 57 86
1894 80 66
1895 84 86
1896 85 34
1897 25 39
1898 60 31
1899 82 64
1900 14 98
1901 93 98
1902 1 39
1903 24 57
1904 45 58
1905 77 19
1906 21 97
1907 45 66
1908 71 10
1909 75 46
1910 85 84
1911 65 35
1912 96 41
1913 64 54
1914 14 62
1915 62 78
1916 0 38
1917 17 35
1918 11 47
1919 49 21
1920 53 18
1921 29 24
1922 61 8
1923 81 69
1924 74 18
1925 88 13
1926 45 23
1927 69 82
1928 32 73
1929 24 62
1930 18 86
1931 24 4
1932 44 40
1933 2 7
1934 21 20
1935 4 32
1936 69 15
1937 96 49
1938 51 26
1939 54 4
1940 72 3
1941 57 83
1942 44 98
1943 8 59
1944 56 9
1945 24 17
1946 20 19
1947 75 56
1948 29 60
1949 80 34
1950 89 86
1951 95 38
1952 68 12
1953 66 93
1954 90 72
1955 20 78
1956 15 62
1957 67 85
1958 14 40
1959 22 55
1960 12 21
1961 55 84
1962 89 42
1963 36 37
1964 50 75
1965 71 21
1966 10 12
1967 11 26
1968 29 90
1969 4 10
1970 37 25
1971 34 17
1972 2 72
1973 19 36
1974 67 93
1975 77 7
1976 45 64
1977 88 45
1978 12 21
1979 96 99
1980 61 85
1981 10 86
1982 40 56
1983 19 39
1984 32 40
1985 17 43
1986 63 37
1987 71 96
1988 94 14
1989 15 96
1990 50 14
1991 10 12
1992 2 28
1993 66 82
1994 41 93
1995 40 76
1996 35 54
1997 91 64
1998 82 27
1999 34 79
2000 18 81
2001 43 60
2002 3 25
2003 82 37
2004 61 39
2005 30 68
2006 15 73
2007 19 18
2008 41 45
2009 25 80
2010 93 44
2011 76 65
2012 54 17
2013 9 56
2014 59 70
2015 69 85
2016 50 21
2017 57 2
2018 22 77
2019 46 6
2020 99 79
2021 44 75
2022 1 69
2023 25 91
2024 58 32
2025 56 3
2026 22 3
2027 64 9
2028 32 0
2029 4 3
2030 53 5
2031 93 81
2032 67 33
2033 31 21
2034 10 0
2035 23 33
2036 99 0
2037 34 7
2038 38 30
2039 73 17
2040 26 90
2041 84 47
2042 93 8
2043 57 66
2044 24 4
2045 97 31
2046 33 9
2047 89 76
2048 18 6
2049 49 87
2050 32 71
2051 47 93
2052 0 24
2053 97 30
2054 5 72
2055 82 26
2056 35 84
2057 4 68
2058 51 84
2059 82 21
2060 39 65
2061 64 17
2062 99 68
2063 20 70
2064 79 76
2065 8 46
2066 93 19
2067 29 64
2068 54 43
2069 6 47
2070 25 97
2071 39 6
2072 51 49
2073 81 31
2074 71 75
2075 67 92
2076 62 88
2077 32 20
2078 86 8
2079 62 16
2080 92 43
2081 76 7
2082 97 35
2083 86 59
2084 68 37
2085 31 82
2086 69 15
2087 17 83
2088 52 34
2089 78 22
2090 88 55
2091 0 69
2092 47 79
2093 28 81
2094 73 75
2095 86 7
2096 13 11
2097 48 77
2098 86 85
2099 70 6
2100 19 13
2101 42 55
2102 56 58
2103 81 91
2104 39 25
2105 4 93
2106 86 15
2107 78 94
2108 66 58
2109 59 54
2110 19 59
2111 23 68
2112 45 96
2113 87 78
2114 52 23
2115 48 44
2116 34 80
2117 84 39
2118 94 50
2119 50 64
2120 66 68
2121 40 43
2122 71 59
2123 26 49
2124 78 64
2125 44 63
2126 28 14
2127 40 3
2128 76 14
2129 71 74
2130 52 41
2131 39 2
2132 9 19
2133 10 31
2134 70 31
2135 75 7
2136 73 51
2137 99 47
2138 9 84
2139 52 71
2140 53 10
2141 87 8
2142 58 94
2143 3 40
2144 64 90
2145 46 30
2146 95 43
2147 15 92
2148 72 35
2149 67 64
2150 16 37
2151 96 51
2152 86 40
2153 2 66
2154 45 22
2155 82 30
2156 39 23
2157 30 22
2158 11 75
2159 73 59
2160 69 0
2161 65 80
2162 31 22
2163 36 67
2164 85 30
2165 19 68
2166 15 63
2167 11 100
2168 34 69
2169 7 34
2170 18 95
2171 64 47
2172 96 78
2173 58 15
2174 29 72
2175 74 85
2176 77 55
2177 90 51
2178 7 57
2179 90 48
2180 56 57
2181 34 13
2182 53 66
2183 30 1
2184 74 31
2185 37 85
2186 27 24
2187 19 33
2188 64 22
2189 29 91
2190 100 34
2191 0 68
2192 8 72
2193 43 6
2194 50 61
2195 39 44
2196 51 8
2197 10 6
2198 0 72
2199 16 44
2200 28 12
2201 86 72
2202 7 36
2203 42 56
2204 9 2
2205 53 78
2206 88 92
2207 97 13
2208 18 81
2209 85 67
2210 82 15
2211 92 70
2212 29 10
2213 84 60
2214 43 39
2215 85 73
2216 76 17
2217 32 32
2218 81 83
2219 39 91
2220 81 32
2221 7 44
2222 36 2
2223 12 11
2224 58 40
2225 25 61
2226 69 6
2227 85 19
2228 56 71
2229 65 63
2230 17 0
2231 65 90
2232 17 55
2233 74 36
2234 76 63
2235 89 96
2236 73 44
2237 91 96
2238 32 27
2239 3 35
2240 20 27
2241 21 61
2242 97 4
2243 29 71
2244 94 37
2245 13 8
2246 0 51
2247 65 41
2248 26 61
2249 10 6
2250 72 63
2251 70 47
2252 98 95
2253 34 84
2254 60 83
2255 57 28
2256 95 83
2257 22 22
2258 76 40
2259 16 13
2260 98 24
2261 73 52
2262 55 32
2263 23 77
2264 51 77
2265 30 10
2266 2 82
2267 37 6
2268 53 63
2269 24 30
2270 71 99
2271 83 61
2272 48 28
2273 82 99
2274 15 47
2275 72 56
2276 100 74
2277 82 70
2278 21 99
2279 16 30
2280 9 36
2281 54 76
2282 81 88
2283 69 23
2284 81 18
2285 10 52
2286 54 73
2287 1 53
2288 19 59
2289 88 3
2290 87 64
2291 18 5
2292 46 52
2293 48 31
2294 67 11
2295 44 1
2296 36 52
2297 71 39
2298 83 57
2299 1 69
2300 84 20
2301 70 37
2302 96 92
2303 25 38
2304 43 20
2305 18 0
2306 92 85
2307 25 13
2308 62 21
2309 82 78
2310 54 25
2311 57 66
2312 22 9
2313 69 96
2314 29 11
2315 65 86
2316 50 86
2317 30 88
2318 50 1
2319 92 8
2320 84 93
2321 9 71
2322 89 90
2323 16 62
2324 38 84
2325 20 96
2326 91 91
2327 65 33
2328 43 97
2329 61 70
2330 98 0
2331 90 61
2332 16 19
2333 25 10
2334 68 41
2335 46 85
2336 78 21
2337 54 65
2338 53 44
2339 7 3
2340 52 44
2341 43 70
2342 92 56
2343 91 67
2344 0 39
2345 21 43
2346 92 37
2347 96 17
2348 51 73
2349 4 68
2350 1 74
2351 38 34
2352 58 25
2353 44 46
2354 31 54
2355 65 34
2356 51 0
2357 8 13
2358 2 1
2359 86 17
2360 78 48
2361 51 52
2362 42 37
2363 36 32
2364 25 82
2365 14 64
2366 17 15
2367 85 32
2368 46 90
2369 57 26
2370 44 25
2371 82 54
2372 81 89
2373 40 47
2374 77 50
2375 50 27
2376 32 65
2377 58 26
2378 20 20
2379 56 73
2380 21 89
2381 44 35
2382 51 66
2383 19 30
2384 93 84
2385 71 96
2386 7 97
2387 11 32
2388 51 29
2389 1 81
2390 26 75
2391 10 2
2392 13 34
2393 35 33
2394 11 67
2395 27 42
2396 80 17
2397 30 34
2398 60 5
2399 47 56
2400 33 72
2401 22 9
2402 60 96
2403 10 64
2404 57 12
2405 58 21
2406 2 19
2407 68 92
2408 6 60
2409 73 17
2410 11 88
2411 32 22
2412 3 85
2413 99 23
2414 27 94
2415 47 24
2416 84 91
2417 13 78
2418 40 82
2419 74 30
2420 95 50
2421 75 94
2422 60 88
2423 68 37
2424 55 92
2425 27 69
2426 48 16
2427 89 3
2428 24 3
2429 20 85
2430 23 52
2431 72 8
2432 76 90
2433 14 42
2434 89 86
2435 58 65
2436 37 87
2437 94 46
2438 16 9
2439 100 96
2440 17 26
2441 64 48
2442 39 74
2443 26 23
2444 32 82
2445 81 45
2446 64 96
2447 53 60
2448 36 46
2449 8 79
2450 46 99
2451 88 67
2452 75 13
2453 34 88
2454 12 76
2455 49 11
2456 63 10
2457 23 89
2458 22 41
2459 100 82
2460 50 31
2461 31 6
2462 95 6
2463 74 96
2464 82 55
2465 89 5
2466 23 83
2467 88 89
2468 35 47
2469 20 90
2470 22 47
2471 43 75
2472 9 43
2473 85 41
2474 54 66
2475 30 70
2476 52 10
2477 55 82
2478 66 65
2479 14 58
2480 35 57
2481 94 96
2482 86 13
2483 57 3
2484 97 23
2485 20 20
2486 81 30
2487 78 1
2488 83 39
2489 6 50
2490 89 4
2491 87 54
2492 51 96
2493 42 8
2494 50 62
2495 28 47
2496 3 47
2497 85 17
2498 93 80
2499 73 76
2500 13 51
2501 60 94
2502 10 87
2503 80 74
2504 8 72
2505 47 0
2506 49 54
2507 39 10
2508 31 88
2509 67 71
2510 27 66
2511 32 1
2512 55 52
2513 23 0
2514 31 15
2515 38 93
2516 40 34
2517 66 41
2518 77 60
2519 26 57
2520 82 81
2521 53 84
2522 6 96
2523 83 34
2524 84 10
2525 5 14
2526 1 63
2527 53 57
2528 19 3
2529 91 76
2530 92 51
2531 73 17
2532 35 39
2533 84 67
2534 71 38
2535 59 73
2536 52 11
2537 89 69
2538 97 5
2539 97 46
2540 78 74
2541 48 75
2542 78 84
2543 25 83
2544 88 64
2545 60 98
2546 14 34
2547 52 53
2548 54 71
2549 98 25
2550 4 77
2551 91 97
2552 15 69
2553 8 2
2554 56 51
2555 98 21
2556 20 92
2557 50 29
2558 21 7
2559 8 81
2560 96 76
2561 68 47
2562 4 79
2563 75 8
2564 94 87
2565 42 8
2566 33 36
2567 39 50
2568 51 89
2569 2 40
2570 21 42
2571 93 77
2572 86 53
2573 1 46
2574 77 85
2575 87 42
2576 85 61
2577 21 15
2578 65 80
2579 36 34
2580 8 6
2581 33 0
2582 30 35
2583 26 89
2584 87 18
2585 19 57
2586 67 14
2587 98 24
2588 97 23
2589 70 65
2590 55 13
2591 67 47
2592 42 62
2593 4 94
2594 38 99
2595 43 14
2596 70 44
2597 61 69
2598 23 35
2599 37 59
2600 57 63
2601 39 79
2602 53 15
2603 33 75
2604 78 100
2605 88 54
2606 17 50
2607 41 86
2608 94 76
2609 10 9
2610 67 54
2611 51 36
2612 79 65
2613 96 62
2614 48 45
2615 22 18
2616 3 78
2617 14 17
2618 29 13
2619 43 7
2620 60 14
2621 94 97
2622 47 41
2623 42 40
2624 4 9
2625 52 48
2626 31 39
2627 39 29
2628 44 23
2629 59 10
2630 93 6
2631 87 53
2632 33 58
2633 79 39
2634 39 13
2635 60 4
2636 66 40
2637 83 52
2638 39 4
2639 59 45
2640 4 63
2641 89 77
2642 54 27
2643 53 79
2644 67 51
2645 44 27
2646 71 14
2647 99 45
2648 30 44
2649 12 9
2650 100 71
2651 76 75
2652 76 98
2653 63 58
2654 22 21
2655 66 13
2656 10 2
2657 59 74
2658 11 23
2659 63 8
2660 18 79
2661 83 59
2662 8 72
2663 53 54
2664 37 41
2665 46 29
2666 98 56
2667 3 27
2668 4 5
2669 39 82
2670 90 56
2671 25 42
2672 13 14
2673 64 82
2674 50 62
2675 7 20
2676 63 6
2677 34 75
2678 29 62
2679 43 0
2680 10 80
2681 26 17
2682 48 8
2683 60 25
2684 33 83
2685 68 33
2686 38 31
2687 3 82
2688 93 55
2689 22 12
2690 4 73
2691 98 48
2692 94 99
2693 20 49
2694 89 1
2695 56 4
2696 3 21
2697 32 14
2698 90 84
2699 41 41
2700 50 59
2701 32 22
2702 91 25
2703 0 65
2704 95 94
2705 79 30
2706 80 44
2707 12 22
2708 42 69
2709 23 44
2710 13 15
2711 63 26
2712 56 86
2713 43 31
2714 86 84
2715 4 41
2716 4 45
2717 26 66
2718 57 94
2719 33 8
2720 13 10
2721 57 19
2722 30 22
2723 21 50
2724 14 82
2725 72 52
2726 64 52
2727 29 66
2728 35 21
2729 28 88
2730 13 30
2731 57 2
2732 53 63
2733 71 22
2734 6 52
2735 63 52
2736 91 8
2737 95 38
2738 69 7
2739 45 58
2740 31 29
2741 75 54
2742 5 95
2743 68 96
2744 5 44
2745 23 93
2746 99 77
2747 1 62
2748 84 11
2749 88 59
2750 75 44
2751 58 17
2752 95 73
2753 44 100
2754 61 100
2755 87 67
2756 11 2
2757 47 14
2758 19 66
2759 20 67
2760 14 93
2761 82 70
2762 80 71
2763 10 58
2764 73 89
2765 55 9
2766 46 20
2767 76 76
2768 49 80
2769 67 46
2770 34 16
2771 57 21
2772 63 34
2773 0 52
2774 18 48
2775 96 36
2776 62 69
2777 58 97
2778 70 56
2779 39 75
2780 67 43
2781 73 43
2782 42 65
2783 100 14
2784 23 71
2785 31 96
2786 93 7
2787 6 8
2788 84 54
2789 51 91
2790 74 96
2791 79 38
2792 3 38
2793 47 28
2794 94 58
2795 1 23
2796 12 8
2797 94 93
2798 95 72
2799 97 64
2800 67 6
2801 58 51
2802 94 54
2803 47 84
2804 84 28
2805 34 99
2806 32 2
2807 85 15
2808 82 85
2809 38 90
2810 4 58
2811 11 94
2812 83 69
2813 6 47
2814 6 63
2815 11 85
2816 89 29
2817 79 43
2818 8 24
2819 38 72
2820 77 89
2821 33 23
2822 27 57
2823 94 13
2824 72 98
2825 52 52
2826 88 63
2827 81 76
2828 20 32
2829 87 74
2830 11 56
2831 78 45
2832 93 38
2833 97 99
2834 7 41
2835 77 23
2836 33 36
2837 0 95
2838 8 40
2839 100 27
2840 71 74
2841 48 5
2842 77 89
2843 7 85
2844 95 15
2845 61 5
2846 78 70
2847 36 83
2848 53 21
2849 91 49
2850 59 60
2851 34 10
2852 89 42
2853 97 24
2854 25 72
2855 36 87
2856 41 32
2857 11 10
2858 87 46
2859 77 71
2860 11 88
2861 62 99
2862 58 21
2863 20 13
2864 0 71
2865 69 79
2866 39 88
2867 87 41
2868 45 73
2869 90 29
2870 79 28
2871 82 59
2872 20 65
2873 94 27
2874 17 86
2875 14 84
2876 60 55
2877 29 99
2878 86 53
2879 60 57
2880 97 89
2881 7 74
2882 9 56
2883 22 43
2884 99 74
2885 6 77
2886 20 8
2887 40 76
2888 91 15
2889 89 18
2890 88 97
2891 93 56
2892 57 74
2893 37 92
2894 53 85
2895 89 93
2896 28 78
2897 26 99
2898 81 70
2899 100 80
2900 21 21
2901 90 6
2902 2 84
2903 98 12
2904 73 25
2905 80 23
2906 90 78
2907 40 99
2908 73 54
2909 88 18
2910 99 3
2911 7 97
2912 63 80
2913 69 15
2914 96 14
2915 38 84
2916 83 61
2917 56 34
2918 93 66
2919 69 0
2920 18 99
2921 56 85
2922 25 69
2923 63 99
2924 22 46
2925 25 100
2926 38 92
2927 11 41
2928 71 32
2929 14 85
2930 53 36
2931 61 54
2932 9 81
2933 91 15
2934 51 47
2935 46 77
2936 61 29
2937 14 100
2938 31 77
2939 56 79
2940 20 22
2941 83 32
2942 49 85
2943 86 36
2944 61 42
2945 51 49
2946 49 29
2947 99 76
2948 76 96
2949 11 37
2950 79 84
2951 19 87
2952 90 26
2953 70 48
2954 18 32
2955 48 12
2956 80 78
2957 91 48
2958 0 56
2959 44 67
2960 57 45
2961 2 100
2962 9 89
2963 18 44
2964 18 15
2965 9 27
2966 31 63
2967 15 38
2968 93 76
2969 88 31
2970 63 29
2971 15 3
2972 17 30
2973 26 90
2974 87 81
2975 72 28
2976 69 30
2977 43 52
2978 95 51
2979 86 38
2980 93 52
2981 24 91
2982 5 22
2983 96 21
2984 43 9
2985 76 2
2986 68 92
2987 43 83
2988 58 28
2989 26 49
2990 29 32
2991 88 74
2992 18 28
2993 60 45
2994 43 46
2995 41 66
2996 1 84
2997 13 26
2998 31 85
2999 97 9
3000 33 26
3001 1 7
3002 5 60
3003 55 28
3004 22 78
3005 39 75
3006 69 61
3007 39 66
3008 19 0
3009 9 26
3010 28 57
3011 68 79
3012 82 1
3013 54 43
3014 26 0
3015 43 81
3016 31 6
3017 16 3
3018 24 1
3019 14 32
3020 86 80
3021 7 59
3022 76 57
3023 47 20
3024 79 98
3025 36 53
3026 56 78
3027 70 43
3028 78 91
3029 17 90
3030 64 100
3031 22 95
3032 27 99
3033 10 45
3034 80 62
3035 44 54
3036 63 99
3037 6 14
3038 75 90
3039 68 24
3040 69 16
3041 44 51
3042 91 88
3043 2 36
3044 55 92
3045 17 12
3046 74 76
3047 63 48
3048 43 61
3049 33 79
3050 43 13
3051 64 10
3052 24 57
3053 32 38
3054 78 20
3055 48 89
3056 93 89
3057 100 17
3058 34 25
3059 79 66
3060 62 3
3061 66 30
3062 9 2
3063 73 4
3064 49 4
3065 64 27
3066 68 1
3067 82 9
3068 0 93
3069 10 74
3070 70 42
3071 4 3
3072 37 45
3073 30 31
3074 62 70
3075 93 62
3076 18 46
3077 28 19
3078 81 61
3079 79 67
3080 80 81
3081 44 63
3082 96 91
3083 75 26
3084 45 92
3085 50 29
3086 72 84
3087 22 51
3088 51 25
3089 16 31
3090 92 100
3091 89 77
3092 2 54
3093 59 36
3094 52 88
3095 100 20
3096 91 9
3097 67 91
3098 4 43
3099 60 67
3100 90 85
3101 27 70
3102 63 37
3103 96 12
3104 36 96
3105 81 2
3106 88 94
3107 75 72
3108 87 43
3109 55 34
3110 17 45
3111 0 18
3112 5 60
3113 39 18
3114 49 5
3115 67 11
3116 41 28
3117 49 98
3118 48 97
3119 8 70
3120 64 16
3121 32 21
3122 94 25
3123 76 24
3124 22 75
3125 100 48
3126 1 21
3127 71 96
3128 16 45
3129 45 62
3130 71 92
3131 46 40
3132 59 0
3133 39 29
3134 36 47
3135 15 79
3136 96 66
3137 94 74
3138 78 24
3139 43 85
3140 14 58
3141 83 91
3142 87 6
3143 80 88
3144 27 76
3145 54 74
3146 98 10
3147 51 12
3148 67 95
3149 63 47
3150 70 73
3151 68 88
3152 11 45
3153 60 77
3154 70 76
3155 44 78
3156 82 42
3157 23 41
3158 76 33
3159 80 83
3160 45 34
3161 61 42
3162 90 36
3163 39 44
3164 33 15
3165 10 5
3166 27 29
3167 32 94
3168 16 31
3169 75 77
3170 33 95
3171 88 65
3172 83 78
3173 38 91
3174 38 80
3175 20 32
3176 31 25
3177 77 90
3178 35 35
3179 73 85
3180 87 66
3181 23 36
3182 95 11
3183 79 80
3184 48 79
3185 86 21
3186 79 14
3187 96 21
3188 15 38
3189 13 24
3190 39 33
3191 48 58
3192 10 81
3193 99 14
3194 77 10
3195 76 19
3196 13 31
3197 54 46
3198 71 5
3199 93 44
3200 69 77
3201 83 97
3202 100 96
3203 9 71
3204 62 2
3205 33 79
3206 29 6
3207 15 70
3208 48 25
3209 19 71
3210 56 28
3211 87 64
3212 87 49
3213 88 11
3214 48 88
3215 41 30
3216 99 87
3217 89 40
3218 25 53
3219 0 16
3220 44 13
3221 43 37
3222 19 54
3223 89 28
3224 73 30
3225 6 1
3226 8 91
3227 74 84
3228 43 10
3229 88 43
3230 15 40
3231 20 97
3232 18 42
3233 90 48
3234 18 29
3235 62 73
3236 24 63
3237 44 67
3238 84 59
3239 61 68
3240 23 61
3241 13 4
3242 48 24
3243 69 4
3244 22 99
3245 64 10
3246 59 1
3247 1 89
3248 28 79
3249 9 46
3250 85 78
3251 29 18
3252 41 8
3253 61 64
3254 32 32
3255 20 73
3256 88 46
3257 17 25
3258 65 71
3259 75 40
3260 48 64
3261 29 53
3262 22 14
3263 84 39
3264 70 99
3265 82 77
3266 72 95
3267 34 7
3268 35 78
3269 94 34
3270 52 43
3271 50 36
3272 78 77
3273 22 63
3274 51 17
3275 4 95
3276 41 46
3277 72 68
3278 97 90
3279 86 34
3280 30 60
3281 47 21
3282 32 88
3283 46 29
3284 68 63
3285 34 73
3286 16 45
3287 91 30
3288 68 85
3289 1 17
3290 62 66
3291 48 25
3292 83 99
3293 56 23
3294 91 30
3295 20 29
3296 54 58
3297 20 35
3298 12 3
3299 96 97
3300 64 51
3301 7 0
3302 23 78
3303 100 57
3304 5 44
3305 97 70
3306 31 56
3307 25 54
3308 22 75
3309 4 44
3310 93 5
3311 22 37
3312 50 14
3313 46 47
3314 66 43
3315 4 41
3316 59 25
3317 83 69
3318 19 29
3319 50 63
3320 34 19
3321 5 1
3322 16 21
3323 52 80
3324 2 25
3325 61 43
3326 52 8
3327 22 4
3328 79 21
3329 20 1
3330 7 15
3331 30 43
3332 62 5
3333 32 99
3334 47 8
3335 67 66
3336 18 6
3337 64 86
3338 27 28
3339 92 10
3340 45 43
3341 94 19
3342 31 34
3343 85 89
3344 94 1
3345 99 59
3346 21 49
3347 66 58
3348 37 9
3349 92 55
3350 71 5
3351 74 69
3352 19 21
3353 82 96
3354 26 73
3355 8 89
3356 53 25
3357 28 40
3358 23 84
3359 26 34
3360 43 89
3361 15 84
3362 1 50
3363 99 48
3364 36 23
3365 71 34
3366 22 12
3367 62 39
3368 71 71
3369 43 0
3370 12 2
3371 40 92
3372 79 2
3373 0 44
3374 52 80
3375 10 48
3376 71 84
3377 68 31
3378 35 67
3379 94 90
3380 14 74
3381 91 79
3382 64 44
3383 71 59
3384 39 60
3385 3 7
3386 54 78
3387 47 38
3388 18 41
3389 23 69
3390 22 76
3391 85 35
3392 13 89
3393 61 61
3394 81 14
3395 67 76
3396 38 24
3397 73 61
3398 74 90
3399 82 63
3400 34 95
3401 16 96
3402 1 71
3403 99 24
3404 9 39
3405 39 8
3406 99 60
3407 45 41
3408 45 7
3409 19 79
3410 54 70
3411 70 80
3412 66 47
3413 29 60
3414 3 17
3415 0 7
3416 4 90
3417 100 65
3418 50 8
3419 74 96
3420 66 80
3421 62 51
3422 72 61
3423 58 97
3424 12 83
3425 86 17
3426 100 37
3427 16 8
3428 26 88
3429 89 12
3430 97 70
3431 8 14
3432 92 41
3433 13 71
3434 37 73
3435 6 35
3436 11 83
3437 9 8
3438 35 73
3439 28 86
3440 71 15
3441 3 74
3442 100 96
3443 20 41
3444 90 52
3445 65 2
3446 18 26
3447 47 3
3448 60 22
3449 99 34
3450 12 86
3451 78 51
3452 39 37
3453 12 3
3454 59 40
3455 31 69
3456 78 0
3457 35 24
3458 56 78
3459 61 48
3460 43 44
3461 31 26
3462 94 24
3463 74 67
3464 62 4
3465 12 42
3466 31 6
3467 6 3
3468 97 36
3469 22 93
3470 21 3
3471 16 12
3472 45 10
3473 56 24
3474 98 67
3475 73 2
3476 34 1
3477 58 41
3478 94 64
3479 55 24
3480 68 10
3481 70 67
3482 55 19
3483 59 68
3484 84 61
3485 5 98
3486 78 6
3487 97 87
3488 76 100
3489 24 79
3490 61 11
3491 38 17
3492 48 77
3493 84 83
3494 82 84
3495 85 96
3496 39 35
3497 79 68
3498 99 71
3499 18 59
3500 39 60
3501 62 57
3502 83 98
3503 50 14
3504 84 65
3505 78 84
3506 99 47
3507 93 17
3508 39 3
3509 84 96
3510 84 49
3511 10 6
3512 37 56
3513 15 56
3514 48 67
3515 16 32
3516 22 33
3517 63 80
3518 12 31
3519 75 3
3520 66 94
3521 17 10
3522 34 49
3523 10 21
3524 0 66
3525 18 75
3526 65 37
3527 23 44
3528 77 74
3529 43 57
3530 58 50
3531 6 67
3532 3 0
3533 22 94
3534 3 51
3535 88 69
3536 78 62
3537 93 73
3538 36 23
3539 51 97
3540 78 57
3541 68 61
3542 52 91
3543 86 86
3544 14 98
3545 45 17
3546 21 70
3547 93 27
3548 80 8
3549 2 62
3550 75 69
3551 7 51
3552 97 62
3553 51 63
3554 100 28
3555 3 69
3556 81 84
3557 35 81
3558 86 66
3559 95 19
3560 57 58
3561 36 47
3562 88 82
3563 86 95
3564 51 85
3565 72 79
3566 95 75
3567 9 82
3568 5 58
3569 26 91
3570 91 22
3571 12 7
3572 35 24
3573 61 39
3574 21 46
3575 35 27
3576 51 83
3577 52 2
3578 30 57
3579 51 14
3580 65 76
3581 12 23
3582 3 55
3583 58 75
3584 79 81
3585 52 45
3586 25 74
3587 64 68
3588 27 52
3589 0 75
3590 45 94
3591 49 84
3592 47 88
3593 67 92
3594 25 98
3595 55 49
3596 4 54
3597 61 59
3598 62 28
3599 31 35
3600 44 47
3601 25 34
3602 2 19
3603 15 29
3604 11 75
3605 27 38
3606 28 21
3607 99 73
3608 63 52
3609 33 99
3610 57 51
3611 86 29
3612 78 19
3613 6 38
3614 83 23
3615 58 80
3616 12 63
3617 24 63
3618 82 59
3619 25 81
3620 46 30
3621 27 96
3622 70 72
3623 72 77
3624 43 53
3625 27 1
3626 13 10
3627 68 7
3628 68 54
3629 8 52
3630 44 1
3631 8 65
3632 11 56
3633 18 73
3634 6 37
3635 2 27
3636 70 65
3637 25 79
3638 57 56
3639 53 86
3640 39 31
3641 97 40
3642 70 43
3643 74 43
3644 71 86
3645 64 25
3646 71 49
3647 73 77
3648 18 3
3649 75 3
3650 26 45
3651 23 2
3652 32 29
3653 9 93
3654 88 30
3655 89 60
3656 83 45
3657 72 21
3658 43 16
3659 69 74
3660 42 62
3661 17 55
3662 69 43
3663 100 88
3664 53 98
3665 29 80
3666 65 41
3667 30 36
3668 24 18
3669 28 97
3670 22 9
3671 78 45
3672 40 4
3673 42 65
3674 21 50
3675 64 21
3676 38 93
3677 87 48
3678 13 100
3679 92 18
3680 12 25
3681 0 2
3682 71 4
3683 7 64
3684 38 31
3685 88 81
3686 57 81
3687 48 87
3688 25 70
3689 20 2
3690 86 39
3691 40 40
3692 24 31
3693 38 18
3694 8 72
3695 3 50
3696 68 15
3697 85 100
3698 19 14
3699 4 65
3700 99 94
3701 97 14
3702 50 71
3703 55 23
3704 88 60
3705 28 94
3706 48 23
3707 48 88
3708 38 66
3709 9 59
3710 97 75
3711 65 73
3712 48 82
3713 63 36
3714 53 84
3715 80 34
3716 75 69
3717 98 84
3718 83 45
3719 88 59
3720 82 44
3721 4 57
3722 30 92
3723 50 3
3724 37 71
3725 28 32
3726 25 70
3727 23 90
3728 79 2
3729 8 52
3730 2 39
3731 3 100
3732 17 8
3733 10 52
3734 45 49
3735 6 49
3736 60 55
3737 25 83
3738 96 19
3739 60 87
3740 98 40
3741 68 83
3742 70 18
3743 64 41
3744 53 5
3745 6 69
3746 82 39
3747 90 21
3748 83 43
3749 66 14
3750 41 84
3751 65 50
3752 8 39
3753 17 6
3754 27 13
3755 42 72
3756 94 43
3757 66 26
3758 49 43
3759 95 94
3760 59 9
3761 40 17
3762 28 81
3763 98 78
3764 91 33
3765 29 55
3766 8 3
3767 5 18
3768 77 42
3769 56 9
3770 59 24
3771 22 66
3772 69 89
3773 88 93
3774 97 97
3775 72 96
3776 59 95
3777 29 55
3778 68 31
3779 66 97
3780 13 90
3781 93 30
3782 42 79
3783 7 41
3784 44 78
3785 2 14
3786 98 44
3787 98 71
3788 77 94
3789 31 60
3790 39 83
3791 34 21
3792 62 24
3793 89 30
3794 83 40
3795 34 37
3796 18 72
3797 16 79
3798 32 54
3799 64 8
3800 71 52
3801 26 42
3802 94 57
3803 80 3
3804 52 91
3805 2 7
3806 27 92
3807 43 86
3808 37 77
3809 56 69
3810 53 71
3811 46 77
3812 75 55
3813 62 90
3814 98 83
3815 81 87
3816 59 60
3817 99 30
3818 15 59
3819 2 67
3820 92 77
3821 45 40
3822 36 31
3823 39 45
3824 41 23
3825 2 0
3826 43 23
3827 20 49
3828 11 36
3829 69 24
3830 63 62
3831 39 46
3832 78 93
3833 74 74
3834 59 46
3835 43 72
3836 60 31
3837 18 96
3838 5 34
3839 4 38
3840 41 55
3841 54 57
3842 99 12
3843 84 36
3844 62 92
3845 31 96
3846 63 64
3847 88 10
3848 79 69
3849 90 25
3850 20 72
3851 34 61
3852 45 30
3853 97 6
3854 99 23
3855 59 18
3856 97 3
3857 35 80
3858 12 76
3859 49 100
3860 41 10
3861 8 83
3862 59 78
3863 56 21
3864 65 57
3865 93 87
3866 66 23
3867 83 54
3868 35 32
3869 33 12
3870 5 2
3871 26 53
3872 20 96
3873 50 47
3874 5 43
3875 67 86
3876 8 97
3877 94 32
3878 67 45
3879 84 68
3880 25 52
3881 56 82
3882 64 4
3883 59 80
3884 97 37
3885 84 6
3886 40 35
3887 60 22
3888 61 82
3889 63 58
3890 82 48
3891 18 67
3892 17 80
3893 20 11
3894 22 65
3895 9 53
3896 74 63
3897 99 85
3898 8 34
3899 16 97
3900 56 46
3901 22 63
3902 99 1
3903 44 3
3904 80 37
3905 50 21
3906 60 70
3907 40 19
3908 30 35
3909 86 27
3910 13 97
3911 98 81
3912 42 14
3913 52 97
3914 23 21
3915 64 88
3916 32 96
3917 83 62
3918 53 31
3919 6 10
3920 40 80
3921 42 8
3922 93 7
3923 58 96
3924 0 11
3925 35 5
3926 30 86
3927 74 96
3928 37 24
3929 88 86
3930 35 78
3931 3 13
3932 2 29
3933 61 91
3934 30 61
3935 81 65
3936 24 84
3937 4 40
3938 87 19
3939 30 40
3940 56 84
3941 60 67
3942 25 43
3943 76 51
3944 59 20
3945 27 71
3946 95 20
3947 70 38
3948 66 51
3949 5 29
3950 52 24
3951 63 71
3952 22 64
3953 93 84
3954 24 35
3955 37 3
3956 31 85
3957 59 63
3958 36 77
3959 35 58
3960 40 86
3961 74 8
3962 93 31
3963 62 42
3964 48 42
3965 59 33
3966 38 1
3967 23 95
3968 94 5
3969 77 43
3970 43 21
3971 77 14
3972 37 43
3973 85 94
3974 75 71
3975 80 91
3976 15 9
3977 40 74
3978 19 52
3979 10 43
3980 73 95
3981 95 22
3982 33 45
3983 69 34
3984 22 24
3985 35 73
3986 8 98
3987 26 19
3988 37 88
3989 76 5
3990 61 15
3991 17 69
3992 9 54
3993 7 20
3994 92 86
3995 74 32
3996 11 29
3997 31 2
3998 32 37
3999 5 64
EOF
