NODE_COORD_SECTION
0 50 50
1 6 42
2 31 100
3 30 40
4 7 66
5 68 1
6 13 41
7 63 69
8 53 7
9 4 53
10 47 33
11 46 22
12 5 35
13 100 23
14 70 71
15 0 83
16 97 46
17 14 41
18 29 48
19 52 1
20 55 83
21 10 54
22 82 49
23 88 64
24 48 90
25 32 10
26 91 26
27 82 76
28 87 98
29 52 62
30 7 21
31 54 38
32 18 6
33 37 45
34 3 8
35 95 12
36 9 47
37 34 20
38 18 21
39 39 81
40 9 14
41 1 54
42 95 88
43 64 43
44 67 97
45 89 30
46 55 37
47 47 0
48 78 36
49 69 48
50 90 42
51 29 33
52 67 74
53 86 70
54 63 99
55 80 65
56 85 75
57 58 35
58 12 67
59 62 87
60 98 88
61 91 99
62 50 16
63 43 12
64 91 19
65 99 29
66 5 82
67 3 61
68 12 64
69 65 75
70 78 66
71 66 37
72 58 91
73 78 31
74 4 27
75 35 3
76 7 93
77 47 48
78 15 73
79 69 43
80 20 36
81 76 35
82 39 35
83 52 58
84 19 52
85 9 39
86 82 61
87 4 38
88 24 43
89 62 45
90 16 18
91 76 37
92 28 20
93 0 58
94 100 15
95 23 62
96 85 85
97 4 10
98 3 84
99 56 48
100 40 75
101 5 19
102 44 16
103 48 10
104 6 3
105 37 20
106 35 70
107 97 84
108 5 28
109 52 61
110 76 29
111 26 60
112 52 53
113 62 98
114 56 10
115 83 83
116 29 52
117 72 76
118 52 52
119 53 9
120 16 78
121 92 53
122 80 79
123 72 23
124 58 23
125 8 28
126 81 40
127 25 67
128 43 2
129 0 63
130 42 84
131 34 72
132 38 50
133 68 6
134 93 78
135 18 38
136 62 3
137 80 40
138 27 11
139 80 66
140 79 59
141 84 29
142 44 38
143 84 65
144 20 27
145 85 73
146 40 13
147 73 31
148 39 3
149 66 38
150 32 10
151 28 57
152 8 6
153 22 93
154 25 36
155 40 6
156 13 92
157 38 10
158 31 86
159 69 63
160 76 31
161 5 37
162 57 37
163 89 62
164 49 69
165 87 2
166 36 1
167 81 86
168 3 36
169 100 98
170 45 46
171 27 97
172 96 80
173 96 92
174 45 4
175 97 94
176 61 20
177 61 61
178 88 0
179 70 34
180 34 77
181 27 29
182 60 44
183 15 80
184 48 8
185 15 4
186 81 100
187 3 37
188 0 31
189 25 35
190 19 70
191 9 92
192 17 95
193 70 77
194 30 26
195 64 47
196 77 14
197 85 65
198 44 12
199 28 87
200 14 11
201 56 64
202 89 79
203 71 20
204 87 21
205 54 34
206 30 11
207 23 34
208 72 3
209 50 97
210 24 72
211 19 17
212 84 0
213 22 46
214 79 71
215 59 74
216 31 94
217 41 21
218 42 97
219 29 66
220 2 1
221 74 77
222 49 43
223 18 67
224 85 17
225 19 95
226 39 18
227 75 3
228 37 84
229 48 90
230 61 11
231 22 82
232 95 1
233 43 74
234 58 34
235 64 51
236 22 7
237 35 100
238 14 89
239 90 51
240 35 23
241 9 19
242 45 80
243 29 95
244 31 72
245 69 1
246 71 32
247 3 58
248 37 38
249 19 36
250 83 83
251 42 52
252 78 37
253 39 55
254 68 70
255 39 84
256 56 77
257 79 29
258 11 97
259 85 22
260 94 43
261 40 48
262 100 96
263 84 21
264 53 95
265 32 61
266 47 68
267 42 70
268 84 99
269 51 98
270 78 7
271 19 43
272 35 48
273 91 100
274 29 63
275 56 98
276 99 79
277 28 16
278 50 100
279 38 7
280 34 37
281 83 58
282 38 42
283 47 84
284 18 75
285 75 69
286 3 25
287 12 5
288 87 89
289 17 75
290 18 75
291 46 28
292 9 24
293 68 58
294 24 47
295 24 85
296 91 5
297 91 82
298 41 27
299 72 18
300 95 43
301 65 11
302 95 68
303 93 19
304 40 93
305 3 21
306 29 81
307 75 25
308 30 40
309 75 3
310 29 12
311 48 21
312 79 68
313 55 88
314 86 37
315 38 69
316 68 46
317 7 48
318 79 99
319 35 62
320 12 61
321 13 99
322 59 20
323 84 75
324 64 3
325 9 33
326 92 35
327 88 6
328 30 22
329 74 5
330 51 100
331 5 45
332 84 79
333 47 36
334 33 78
335 36 35
336 74 93
337 68 21
338 26 62
339 41 11
340 37 84
341 67 32
342 74 57
343 87 40
344 18 86
345 12 46
346 90 93
347 69 38
348 93 70
349 46 32
350 39 96
351 38 83
352 80 47
353 19 28
354 18 27
355 94 56
356 24 34
357 65 75
358 1 39
359 17 95
360 89 17
361 48 65
362 59 20
363 90 29
364 27 99
365 65 2
366 50 87
367 44 47
368 28 75
369 7 54
370 67 26
371 77 44
372 24 41
373 87 64
374 41 15
375 82 49
376 75 82
377 61 52
378 35 88
379 73 3
380 16 84
381 15 43
382 86 32
383 45 72
384 44 98
385 3 98
386 55 72
387 12 97
388 48 23
389 41 58
390 8 29
391 14 42
392 100 27
393 0 31
394 13 75
395 15 6
396 18 75
397 100 59
398 26 40
399 63 82
400 40 97
401 86 88
402 5 44
403 39 43
404 12 5
405 29 98
406 21 42
407 68 83
408 58 43
409 63 34
410 16 3
411 67 96
412 24 46
413 27 41
414 2 24
415 82 97
416 93 95
417 1 71
418 98 65
419 21 8
420 41 24
421 50 88
422 18 95
423 36 14
424 23 56
425 61 62
426 46 17
427 63 62
428 79 11
429 21 90
430 76 38
431 99 57
432 94 70
433 6 32
434 64 45
435 93 15
436 94 46
437 88 23
438 80 96
439 56 63
440 51 18
441 74 82
442 61 36
443 35 45
444 53 94
445 57 99
446 63 66
447 63 31
448 2 95
449 74 33
450 0 19
451 18 93
452 25 23
453 17 48
454 80 10
455 22 63
456 77 99
457 37 18
458 99 93
459 86 98
460 40 2
461 47 61
462 19 68
463 6 37
464 52 19
465 17 52
466 88 44
467 67 59
468 69 37
469 76 39
470 15 2
471 10 74
472 73 15
473 78 41
474 84 71
475 70 99
476 99 85
477 56 44
478 72 6
479 10 88
480 58 27
481 66 21
482 19 20
483 71 42
484 99 82
485 73 86
486 37 17
487 36 34
488 93 61
489 63 90
490 40 96
491 49 94
492 68 43
493 97 98
494 1 18
495 98 85
496 69 33
497 39 20
498 5 17
499 87 91
500 10 58
501 62 47
502 51 66
503 84 3
504 68 5
505 79 61
506 62 23
507 26 15
508 11 88
509 33 34
510 37 41
511 89 59
512 19 6
513 93 20
514 48 61
515 84 78
516 89 63
517 86 45
518 90 13
519 7 28
520 55 53
521 84 85
522 16 15
523 70 56
524 60 9
525 46 18
526 14 21
527 89 20
528 63 7
529 70 64
530 20 58
531 15 17
532 12 47
533 32 71
534 39 71
535 20 34
536 19 61
537 94 88
538 49 54
539 83 7
540 62 77
541 30 28
542 73 12
543 5 12
544 28 65
545 8 54
546 33 38
547 74 33
548 63 37
549 46 54
550 8 99
551 59 91
552 84 87
553 79 70
554 86 9
555 54 16
556 47 23
557 69 94
558 32 1
559 72 52
560 70 26
561 99 74
562 80 47
563 94 87
564 14 35
565 64 46
566 23 76
567 2 50
568 49 80
569 1 82
570 87 19
571 76 93
572 53 10
573 46 30
574 92 95
575 45 70
576 79 50
577 56 29
578 62 67
579 96 15
580 64 54
581 74 39
582 30 23
583 8 3
584 75 57
585 87 91
586 53 57
587 78 11
588 85 95
589 18 85
590 75 76
591 83 48
592 61 70
593 49 64
594 32 15
595 99 82
596 17 99
597 65 37
598 12 19
599 46 21
600 37 38
601 60 55
602 67 99
603 8 2
604 28 60
605 21 82
606 53 56
607 7 8
608 39 75
609 55 30
610 44 45
611 87 54
612 84 99
613 23 32
614 38 88
615 87 63
616 60 63
617 39 27
618 61 15
619 51 79
620 67 79
621 55 93
622 88 9
623 6 11
624 17 92
625 26 40
626 60 39
627 96 34
628 54 71
629 21 48
630 84 51
631 93 1
632 14 68
633 31 4
634 21 12
635 28 44
636 61 69
637 22 8
638 0 78
639 46 89
640 30 7
641 63 1
642 31 64
643 73 85
644 21 58
645 30 63
646 67 67
647 23 11
648 12 57
649 16 70
650 87 18
651 52 46
652 85 58
653 40 51
654 45 61
655 49 74
656 49 0
657 38 4
658 96 15
659 9 61
660 94 57
661 0 79
662 29 51
663 54 99
664 63 37
665 44 31
666 10 22
667 14 41
668 70 40
669 48 62
670 51 66
671 44 16
672 35 92
673 61 8
674 69 18
675 94 73
676 34 60
677 51 18
678 93 53
679 79 56
680 92 87
681 21 21
682 50 50
683 82 71
684 36 58
685 92 78
686 50 75
687 49 42
688 53 28
689 87 69
690 88 69
691 31 19
692 57 60
693 30 36
694 78 63
695 91 19
696 12 45
697 48 24
698 83 66
699 90 85
700 68 56
701 77 100
702 38 58
703 96 20
704 11 89
705 32 49
706 37 22
707 64 62
708 61 62
709 48 8
710 90 48
711 42 41
712 50 25
713 34 50
714 25 14
715 8 74
716 15 5
717 32 21
718 98 44
719 41 43
720 46 59
721 28 2
722 39 53
723 56 3
724 6 26
725 31 71
726 29 86
727 26 57
728 10 100
729 83 14
730 86 49
731 66 47
732 95 79
733 28 38
734 42 18
735 44 12
736 61 28
737 79 34
738 31 16
739 92 76
740 70 36
741 38 53
742 52 88
743 10 84
744 39 7
745 43 86
746 39 49
747 47 59
748 72 17
749 28 26
750 41 74
751 51 64
752 32 30
753 28 46
754 31 15
755 78 11
756 59 76
757 31 64
758 92 22
759 41 17
760 52 57
761 70 54
762 74 87
763 31 58
764 45 69
765 25 47
766 90 69
767 41 0
768 25 13
769 40 62
770 60 81
771 63 64
772 13 50
773 23 55
774 49 79
775 32 71
776 68 100
777 48 56
778 61 72
779 91 24
780 29 6
781 61 7
782 83 59
783 77 6
784 85 85
785 89 3
786 73 3
787 33 28
788 79 51
789 64 9
790 34 60
791 14 32
792 93 16
793 9 14
794 45 14
795 22 52
796 42 26
797 70 68
798 33 86
799 84 75
800 64 97
801 73 63
802 47 27
803 70 43
804 46 92
805 40 62
806 73 64
807 44 80
808 19 92
809 75 10
810 65 4
811 86 94
812 15 41
813 28 96
814 24 60
815 86 47
816 28 15
817 11 8
818 100 96
819 46 99
820 100 78
821 25 44
822 92 62
823 14 70
824 15 62
825 51 4
826 36 78
827 86 32
828 23 90
829 70 3
830 35 70
831 100 95
832 79 22
833 79 34
834 100 92
835 76 5
836 65 3
837 53 29
838 72 83
839 47 93
840 71 3
841 4 65
842 99 47
843 83 94
844 83 42
845 15 88
846 47 79
847 76 0
848 2 90
849 25 0
850 48 41
851 84 34
852 14 48
853 28 94
854 0 26
855 57 17
856 5 82
857 34 63
858 25 23
859 96 26
860 17 78
861 72 99
862 55 42
863 1 4
864 94 72
865 42 10
866 64 40
867 43 73
868 61 15
869 24 89
870 72 51
871 69 76
872 10 54
873 20 7
874 30 58
875 50 81
876 7 5
877 8 32
878 94 77
879 68 4
880 46 39
881 0 69
882 34 80
883 31 94
884 75 59
885 9 8
886 89 93
887 76 98
888 63 77
889 76 41
890 60 36
891 63 61
892 50 60
893 6 81
894 43 3
895 84 77
896 97 94
897 15 31
898 55 26
899 88 12
900 87 1
901 64 71
902 50 27
903 43 5
904 82 89
905 28 17
906 75 11
907 12 44
908 17 3
909 81 40
910 67 83
911 23 17
912 5 45
913 79 72
914 30 8
915 38 26
916 72 10
917 0 7
918 73 43
919 89 76
920 70 40
921 76 95
922 77 3
923 86 30
924 60 6
925 89 67
926 37 78
927 19 4
928 8 67
929 84 100
930 89 45
931 3 53
932 53 88
933 13 16
934 15 48
935 10 46
936 13 14
937 47 74
938 69 55
939 9 50
940 95 45
941 54 98
942 23 94
943 87 66
944 29 31
945 79 7
946 59 9
947 1 46
948 23 99
949 55 20
950 87 46
951 80 92
952 47 52
953 39 36
954 19 54
955 43 97
956 91 66
957 69 19
958 63 61
959 33 52
960 34 58
961 65 35
962 26 26
963 15 45
964 39 69
965 10 29
966 53 63
967 36 59
968 80 15
969 72 17
970 82 9
971 65 84
972 35 51
973 96 21
974 62 57
975 60 87
976 85 68
977 88 17
978 37 82
979 17 93
980 49 23
981 2 14
982 88 12
983 7 22
984 15 72
985 83 42
986 59 53
987 93 57
988 42 62
989 74 23
990 14 11
991 33 56
992 67 75
993 1 44
994 49 96
995 67 32
996 94 74
997 21 95
998 99 75
999 15 99
1000 20 4
1001 11 21
1002 48 77
1003 89 58
1004 24 80
1005 53 68
1006 71 1
1007 24 32
1008 26 55
1009 61 78
1010 44 39
1011 61 9
1012 11 39
1013 89 66
1014 97 65
1015 74 22
1016 83 84
1017 48 10
1018 86 22
1019 87 47
1020 93 40
1021 28 39
1022 78 2
1023 53 90
1024 72 12
1025 60 71
1026 80 33
1027 25 94
1028 86 78
1029 75 34
1030 67 94
1031 81 96
1032 9 100
1033 39 31
1034 81 9
1035 28 33
1036 67 35
1037 45 75
1038 6 42
1039 33 94
1040 28 43
1041 7 15
1042 1 10
1043 12 24
1044 16 73
1045 24 23
1046 32 96
1047 96 38
1048 4 51
1049 36 46
1050 95 64
1051 17 35
1052 63 45
1053 7 89
1054 19 40
1055 79 53
1056 85 39
1057 68 61
1058 21 93
1059 50 18
1060 77 75
1061 68 87
1062 61 15
1063 3 91
1064 0 80
1065 27 70
1066 42 77
1067 8 87
1068 45 88
1069 72 84
1070 87 92
1071 19 8
1072 46 4
1073 37 65
1074 25 0
1075 79 84
1076 16 48
1077 14 83
1078 40 70
1079 23 89
1080 72 98
1081 16 4
1082 64 31
1083 81 95
1084 75 82
1085 27 28
1086 74 16
1087 21 100
1088 14 70
1089 60 69
1090 64 8
1091 0 20
1092 48 35
1093 65 27
1094 43 3
1095 61 72
1096 3 56
1097 40 3
1098 3 3
1099 22 37
1100 38 11
1101 11 31
1102 32 9
1103 20 8
1104 69 5
1105 10 70
1106 77 67
1107 40 25
1108 12 16
1109 43 31
1110 49 86
1111 32 58
1112 28 3
1113 94 17
1114 54 55
1115 83 55
1116 94 6
1117 38 47
1118 65 15
1119 44 3
1120 5 2
1121 96 74
1122 65 86
1123 59 66
1124 78 73
1125 58 49
1126 93 94
1127 100 87
1128 98 19
1129 31 32
1130 81 12
1131 78 95
1132 93 21
1133 78 38
1134 36 49
1135 98 44
1136 92 89
1137 70 35
1138 26 45
1139 58 36
1140 83 60
1141 91 55
1142 7 9
1143 1 58
1144 3 46
1145 80 91
1146 18 3
1147 7 67
1148 75 35
1149 16 45
1150 58 13
1151 80 80
1152 54 86
1153 64 20
1154 29 26
1155 81 58
1156 12 31
1157 43 43
1158 72 9
1159 17 33
1160 58 94
1161 32 63
1162 92 53
1163 57 62
1164 99 88
1165 72 15
1166 95 25
1167 31 12
1168 86 7
1169 61 70
1170 67 73
1171 97 95
1172 14 4
1173 59 44
1174 30 52
1175 39 66
1176 74 63
1177 48 52
1178 65 44
1179 43 5
1180 54 89
1181 26 13
1182 57 27
1183 34 41
1184 60 86
1185 100 68
1186 48 77
1187 13 45
1188 80 47
1189 36 20
1190 59 25
1191 59 83
1192 87 69
1193 7 86
1194 5 16
1195 68 97
1196 72 12
1197 35 42
1198 14 19
1199 61 37
1200 100 6
1201 8 55
1202 64 26
1203 61 59
1204 33 11
1205 79 87
1206 96 90
1207 72 99
1208 6 59
1209 59 62
1210 29 91
1211 40 57
1212 33 16
1213 76 59
1214 99 63
1215 85 2
1216 49 22
1217 4 5
1218 67 31
1219 26 14
1220 20 22
1221 95 42
1222 68 7
1223 66 37
1224 68 66
1225 21 62
1226 83 82
1227 18 73
1228 29 82
1229 28 58
1230 27 26
1231 50 37
1232 90 72
1233 35 34
1234 87 24
1235 35 49
1236 41 21
1237 89 5
1238 88 14
1239 74 59
1240 40 1
1241 60 6
1242 63 81
1243 15 52
1244 69 22
1245 45 20
1246 75 23
1247 83 3
1248 39 79
1249 75 12
1250 4 90
1251 62 56
1252 79 42
1253 51 2
1254 33 53
1255 39 52
1256 18 19
1257 0 72
1258 73 22
1259 2 62
1260 68 77
1261 0 89
1262 30 87
1263 50 39
1264 32 67
1265 32 63
1266 62 18
1267 84 51
1268 7 85
1269 24 8
1270 37 51
1271 23 82
1272 64 12
1273 3 93
1274 17 32
1275 4 66
1276 92 79
1277 8 89
1278 43 100
1279 11 78
1280 2 22
1281 70 65
1282 99 8
1283 30 87
1284 45 72
1285 31 99
1286 21 27
1287 76 1
1288 2 52
1289 22 58
1290 3 46
1291 95 48
1292 99 14
1293 13 26
1294 6 92
1295 34 63
1296 34 10
1297 21 46
1298 28 39
1299 2 25
1300 30 66
1301 52 96
1302 56 41
1303 100 45
1304 56 93
1305 89 97
1306 57 28
1307 100 67
1308 64 55
1309 14 94
1310 54 7
1311 36 17
1312 11 91
1313 85 24
1314 73 14
1315 69 26
1316 14 16
1317 3 99
1318 59 74
1319 21 43
1320 45 89
1321 31 50
1322 38 5
1323 34 89
1324 62 45
1325 26 16
1326 0 77
1327 98 41
1328 94 17
1329 56 65
1330 39 77
1331 35 57
1332 92 26
1333 61 24
1334 79 37
1335 88 63
1336 62 45
1337 68 43
1338 18 5
1339 42 10
1340 27 17
1341 0 71
1342 95 99
1343 66 12
1344 28 4
1345 75 37
1346 25 73
1347 27 40
1348 69 91
1349 38 45
1350 69 88
1351 91 88
1352 38 27
1353 18 15
1354 67 34
1355 84 22
1356 16 46
1357 73 91
1358 86 16
1359 54 42
1360 38 95
1361 95 4
1362 53 10
1363 50 61
1364 66 73
1365 9 32
1366 89 70
1367 86 45
1368 88 93
1369 94 20
1370 70 18
1371 95 70
1372 50 14
1373 26 50
1374 19 35
1375 12 80
1376 57 15
1377 9 52
1378 8 34
1379 96 29
1380 80 26
1381 27 45
1382 80 79
1383 49 24
1384 60 16
1385 100 33
1386 95 45
1387 79 88
1388 3 29
1389 53 30
1390 39 84
1391 35 41
1392 26 22
1393 23 43
1394 100 23
1395 18 25
1396 86 65
1397 13 88
1398 23 58
1399 80 52
1400 74 88
1401 26 82
1402 92 70
1403 25 90
1404 11 28
1405 75 43
1406 23 80
1407 12 75
1408 41 79
1409 89 49
1410 21 35
1411 29 40
1412 32 63
1413 11 2
1414 6 65
1415 76 77
1416 0 17
1417 95 15
1418 57 18
1419 76 77
1420 51 72
1421 52 62
1422 67 80
1423 65 82
1424 47 7
1425 73 80
1426 1 70
1427 82 12
1428 57 90
1429 56 24
1430 55 88
1431 56 53
1432 10 70
1433 46 94
1434 93 72
1435 28 28
1436 86 70
1437 68 84
1438 39 97
1439 52 97
1440 43 51
1441 80 30
1442 58 19
1443 97 19
1444 67 83
1445 45 61
1446 49 28
1447 53 16
1448 53 60
1449 53 41
1450 26 88
1451 42 50
1452 7 56
1453 9 87
1454 65 73
1455 71 49
1456 95 32
1457 91 46
1458 75 78
1459 100 80
1460 20 79
1461 25 35
1462 2 100
1463 64 36
1464 4 96
1465 17 86
1466 97 35
1467 8 91
1468 91 12
1469 38 94
1470 90 51
1471 43 37
1472 21 51
1473 52 71
1474 10 4
1475 5 53
1476 19 61
1477 29 17
1478 59 76
1479 10 16
1480 98 70
1481 54 94
1482 31 62
1483 71 89
1484 88 83
1485 77 33
1486 36 52
1487 52 76
1488 20 79
1489 56 80
1490 98 45
1491 9 14
1492 48 86
1493 39 77
1494 11 21
1495 21 42
1496 6 65
1497 60 59
1498 22 59
1499 97 18
1500 61 61
1501 92 74
1502 24 79
1503 32 7
1504 38 77
1505 95 36
1506 28 95
1507 54 99
1508 11 34
1509 47 17
1510 1 55
1511 74 15
1512 39 36
1513 75 38
1514 71 6
1515 66 29
1516 45 78
1517 99 3
1518 9 13
1519 84 93
1520 20 82
1521 72 74
1522 52 82
1523 3 29
1524 80 98
1525 92 83
1526 32 72
1527 44 7
1528 90 76
1529 23 76
1530 26 96
1531 82 100
1532 85 35
1533 58 84
1534 74 60
1535 70 86
1536 50 65
1537 28 12
1538 19 89
1539 82 73
1540 62 58
1541 83 60
1542 32 60
1543 24 9
1544 50 81
1545 82 29
1546 54 42
1547 39 60
1548 77 85
1549 44 85
1550 96 96
1551 91 15
1552 48 64
1553 98 22
1554 24 24
1555 46 48
1556 11 8
1557 100 50
1558 15 79
1559 94 97
1560 96 81
1561 40 93
1562 61 53
1563 6 58
1564 77 25
1565 100 91
1566 80 69
1567 54 93
1568 51 92
1569 29 20
1570 10 97
1571 45 14
1572 1 46
1573 48 29
1574 97 60
1575 71 72
1576 93 63
1577 21 6
1578 61 82
1579 100 45
1580 26 59
1581 10 34
1582 0 10
1583 89 37
1584 74 7
1585 93 80
1586 85 86
1587 84 36
1588 94 30
1589 71 16
1590 46 84
1591 10 17
1592 4 69
1593 46 92
1594 22 6
1595 34 47
1596 72 73
1597 45 25
1598 96 84
1599 78 12
1600 5 42
1601 70 38
1602 51 5
1603 47 91
1604 21 23
1605 25 73
1606 50 17
1607 68 21
1608 32 73
1609 65 5
1610 64 40
1611 0 82
1612 20 24
1613 28 22
1614 81 6
1615 94 61
1616 44 0
1617 74 58
1618 55 71
1619 39 20
1620 20 99
1621 27 33
1622 25 44
1623 96 6
1624 38 48
1625 94 79
1626 99 39
1627 40 69
1628 57 38
1629 6 22
1630 16 89
1631 81 27
1632 59 87
1633 34 4
1634 29 92
1635 72 26
1636 60 74
1637 96 11
1638 69 39
1639 33 24
1640 100 38
1641 13 71
1642 34 63
1643 44 91
1644 96 72
1645 3 73
1646 79 99
1647 86 69
1648 78 94
1649 98 37
1650 44 21
1651 5 10
1652 81 98
1653 38 53
1654 35 53
1655 32 19
1656 81 69
1657 20 38
1658 30 3
1659 47 25
1660 24 91
1661 6 89
1662 44 21
1663 65 54
1664 25 76
1665 53 15
1666 50 89
1667 60 78
1668 82 47
1669 80 41
1670 79 11
1671 25 58
1672 58 68
1673 100 37
1674 38 26
1675 50 44
1676 25 16
1677 11 14
1678 32 8
1679 60 79
1680 84 60
1681 28 28
1682 62 50
1683 72 15
1684 52 44
1685 7 57
1686 33 70
1687 40 99
1688 34 51
1689 10 92
1690 99 56
1691 48 68
1692 7 20
1693 46 76
1694 33 99
1695 53 60
1696 32 24
1697 35 23
1698 23 37
1699 87 23
1700 30 63
1701 58 71
1702 79 74
1703 56 34
1704 23 24
1705 21 33
1706 60 69
1707 37 96
1708 75 86
1709 9 80
1710 21 48
1711 40 44
1712 83 38
1713 54 63
1714 35 23
1715 42 52
1716 96 75
1717 71 29
1718 95 69
1719 40 18
1720 30 62
1721 98 12
1722 7 67
1723 86 100
1724 69 16
1725 29 31
1726 28 36
1727 88 52
1728 32 70
1729 12 50
1730 23 65
1731 77 50
1732 64 69
1733 67 77
1734 68 51
1735 74 11
1736 73 86
1737 20 92
1738 12 57
1739 59 28
1740 14 4
1741 74 40
1742 39 22
1743 2 25
1744 68 82
1745 37 42
1746 85 46
1747 84 57
1748 61 18
1749 36 32
1750 7 97
1751 87 97
1752 85 16
1753 98 99
1754 42 18
1755 10 96
1756 0 11
1757 70 77
1758 89 16
1759 67 27
1760 55 6
1761 78 85
1762 1 20
1763 77 37
1764 11 9
1765 76 48
1766 24 32
1767 96 72
1768 30 95
1769 34 93
1770 15 43
1771 88 1
1772 90 12
1773 93 20
1774 18 12
1775 19 2
1776 47 88
1777 99 29
1778 43 91
1779 16 99
1780 81 83
1781 83 73
1782 47 23
1783 71 12
1784 66 50
1785 76 28
1786 56 26
1787 76 74
1788 47 21
1789 32 40
1790 50 26
1791 41 43
1792 88 85
1793 32 44
1794 44 37
1795 6 83
1796 82 91
1797 51 56
1798 89 83
1799 88 47
1800 42 13
1801 42 15
1802 67 21
1803 47 89
1804 53 39
1805 48 46
1806 24 47
1807 73 73
1808 89 2
1809 94 36
1810 81 16
1811 28 37
1812 73 57
1813 26 76
1814 42 2
1815 38 62
1816 16 18
1817 32 37
1818 56 72
1819 43 9
1820 4 50
1821 33 34
1822 7 17
1823 0 53
1824 6 73
1825 66 75
1826 61 25
1827 72 93
1828 0 81
1829 46 37
1830 70 10
1831 37 100
1832 60 73
1833 31 77
1834 9 0
1835 3 53
1836 6 34
1837 1 40
1838 81 14
1839 4 98
1840 98 86
1841 44 88
1842 47 67
1843 16 100
1844 29 76
1845 3 87
1846 7 90
1847 36 61
1848 94 85
1849 70 98
1850 22 5
1851 24 70
1852 89 19
1853 4 82
1854 63 87
1855 40 51
1856 39 24
1857 28 46
1858 87 55
1859 16 50
1860 79 26
1861 61 66
1862 63 48
1863 4 49
1864 25 83
1865 97 70
1866 60 83
1867 11 5
1868 56 77
1869 58 49
1870 91 10
1871 91 72
1872 91 8
1873 27 52
1874 64 13
1875 58 67
1876 57 13
1877 59 95
1878 57 88
1879 81 87
1880 27 30
1881 53 63
1882 5 16
1883 71 77
1884 88 57
1885 67 40
1886 12 88
1887 47 0
1888 88 30
1889 81 93
1890 32 9
1891 46 3
1892 37 12
1893 29 58
1894 40 92
1895 43 30
1896 29 74
1897 37 23
1898 37 72
1899 49 3
1900 38 66
1901 84 60
1902 81 26
1903 89 46
1904 87 95
1905 30 47
1906 82 92
1907 7 45
1908 65 58
1909 4 48
1910 7 98
1911 88 7
1912 83 80
1913 8 52
1914 58 95
1915 20 12
1916 91 43
1917 30 76
1918 91 35
1919 38 70
1920 89 9
1921 5 70
1922 0 72
1923 52 96
1924 55 56
1925 70 70
1926 66 24
1927 67 83
1928 40 7
1929 43 80
1930 63 84
1931 84 77
1932 74 49
1933 27 40
1934 21 22
1935 66 93
1936 89 82
1937 9 54
1938 94 99
1939 20 60
1940 85 34
1941 11 50
1942 6 2
1943 0 50
1944 54 28
1945 86 55
1946 25 1
1947 55 87
1948 5 90
1949 28 67
1950 69 40
1951 75 86
1952 61 23
1953 5 79
1954 77 19
1955 47 27
1956 49 96
1957 16 56
1958 88 28
1959 61 17
1960 16 30
1961 8 22
1962 96 91
1963 23 4
1964 53 35
1965 77 63
1966 33 77
1967 30 58
1968 95 14
1969 12 17
1970 14 20
1971 7 97
1972 14 74
1973 80 87
1974 31 45
1975 71 1
1976 61 79
1977 87 19
1978 16 15
1979 3 29
1980 83 81
1981 0 46
1982 63 74
1983 36 52
1984 48 70
1985 31 77
1986 20 20
1987 62 96
1988 62 9
1989 30 29
1990 0 62
1991 47 92
1992 77 23
1993 28 12
1994 29 54
1995 12 22
1996 51 84
1997 24 43
1998 31 65
1999 41 0
2000 18 90
2001 60 91
2002 43 28
2003 6 9
2004 43 26
2005 91 62
2006 66 33
2007 6 56
2008 17 93
2009 23 5
2010 3 77
2011 10 36
2012 51 100
2013 33 69
2014 69 52
2015 25 36
2016 53 20
2017 77 75
2018 38 13
2019 52 47
2020 83 5
2021 39 88
2022 48 92
2023 27 67
2024 1 22
2025 74 71
2026 9 0
2027 85 67
2028 92 28
2029 7 31
2030 80 95
2031 27 72
2032 12 3
2033 71 33
2034 19 0
2035 33 50
2036 37 22
2037 37 15
2038 48 62
2039 72 73
2040 43 19
2041 71 64
2042 55 88
2043 95 21
2044 30 72
2045 15 42
2046 18 39
2047 39 51
2048 65 89
2049 53 1
2050 5 87
2051 93 38
2052 90 91
2053 61 49
2054 24 36
2055 75 37
2056 45 34
2057 73 92
2058 25 92
2059 44 20
2060 77 33
2061 68 2
2062 39 17
2063 29 100
2064 47 57
2065 11 85
2066 44 84
2067 8 57
2068 61 63
2069 40 82
2070 5 46
2071 14 19
2072 25 46
2073 3 74
2074 28 19
2075 91 24
2076 4 94
2077 77 78
2078 56 25
2079 87 55
2080 38 37
2081 52 75
2082 9 32
2083 34 45
2084 51 66
2085 30 15
2086 85 8
2087 73 64
2088 91 18
2089 23 97
2090 31 77
2091 86 100
2092 72 21
2093 98 53
2094 24 31
2095 46 58
2096 53 84
2097 20 43
2098 16 61
2099 74 27
2100 49 49
2101 66 79
2102 86 28
2103 68 55
2104 42 87
2105 54 5
2106 64 65
2107 29 11
2108 25 25
2109 49 53
2110 0 17
2111 46 50
2112 24 38
2113 8 94
2114 78 15
2115 44 90
2116 59 35
2117 41 9
2118 35 26
2119 33 49
2120 67 8
2121 69 28
2122 30 98
2123 59 49
2124 87 3
2125 67 45
2126 20 29
2127 60 28
2128 35 85
2129 9 13
2130 27 86
2131 61 10
2132 5 2
2133 26 98
2134 41 86
2135 17 67
2136 61 98
2137 75 29
2138 99 43
2139 33 29
2140 43 45
2141 83 30
2142 96 8
2143 46 62
2144 65 80
2145 85 96
2146 16 82
2147 0 20
2148 55 23
2149 58 5
2150 62 59
2151 50 10
2152 24 75
2153 33 36
2154 62 82
2155 90 49
2156 26 63
2157 29 98
2158 65 82
2159 88 14
2160 64 2
2161 10 29
2162 56 62
2163 83 42
2164 5 4
2165 33 5
2166 95 42
2167 0 47
2168 91 48
2169 89 39
2170 6 37
2171 17 9
2172 44 55
2173 67 85
2174 76 85
2175 64 36
2176 92 30
2177 59 48
2178 59 0
2179 28 96
2180 31 40
2181 68 7
2182 80 14
2183 36 74
2184 40 90
2185 77 3
2186 15 60
2187 57 68
2188 47 57
2189 50 39
2190 23 39
2191 79 14
2192 92 51
2193 95 58
2194 79 30
2195 7 76
2196 83 85
2197 76 22
2198 94 30
2199 86 63
2200 40 82
2201 12 13
2202 83 2
2203 87 68
2204 9 21
2205 43 61
2206 26 54
2207 36 8
2208 72 33
2209 43 35
2210 28 79
2211 20 75
2212 76 16
2213 61 92
2214 60 76
2215 54 30
2216 87 84
2217 32 30
2218 27 62
2219 68 35
2220 83 22
2221 78 59
2222 22 51
2223 64 64
2224 82 87
2225 78 40
2226 73 52
2227 43 58
2228 89 4
2229 9 77
2230 89 80
2231 91 49
2232 49 44
2233 65 19
2234 68 78
2235 32 72
2236 70 100
2237 93 29
2238 54 24
2239 12 32
2240 27 97
2241 100 79
2242 41 43
2243 45 100
2244 25 58
2245 11 58
2246 57 87
2247 83 71
2248 31 64
2249 15 93
2250 98 0
2251 9 65
2252 76 56
2253 37 26
2254 75 58
2255 21 66
2256 54 34
2257 11 4
2258 26 64
2259 93 60
2260 21 6
2261 52 43
2262 56 60
2263 93 15
2264 91 61
2265 56 27
2266 100 18
2267 9 82
2268 85 17
2269 94 78
2270 54 60
2271 56 15
2272 43 7
2273 51 59
2274 41 78
2275 95 71
2276 87 44
2277 89 77
2278 68 70
2279 52 68
2280 2 88
2281 16 77
2282 99 13
2283 97 39
2284 78 20
2285 100 98
2286 77 51
2287 7 81
2288 7 77
2289 68 28
2290 87 70
2291 94 91
2292 90 58
2293 67 68
2294 10 38
2295 46 44
2296 66 23
2297 100 56
2298 27 21
2299 66 95
2300 30 26
2301 46 45
2302 20 5
2303 38 29
2304 58 100
2305 94 15
2306 32 1
2307 14 22
2308 31 39
2309 64 47
2310 9 68
2311 68 57
2312 78 65
2313 29 6
2314 81 9
2315 13 66
2316 90 75
2317 53 94
2318 87 88
2319 54 89
2320 55 65
2321 95 56
2322 25 7
2323 39 47
2324 6 60
2325 6 77
2326 55 90
2327 68 10
2328 88 98
2329 42 27
2330 74 16
2331 76 29
2332 69 0
2333 73 47
2334 13 29
2335 16 35
2336 27 54
2337 56 30
2338 78 37
2339 0 45
2340 84 8
2341 59 90
2342 82 78
2343 79 70
2344 96 72
2345 98 83
2346 47 51
2347 80 53
2348 15 73
2349 39 75
2350 54 54
2351 68 92
2352 10 33
2353 26 31
2354 89 37
2355 79 76
2356 49 59
2357 66 48
2358 8 54
2359 28 12
2360 42 93
2361 60 72
2362 77 27
2363 93 14
2364 94 2
2365 98 83
2366 67 88
2367 29 59
2368 61 7
2369 36 54
2370 87 76
2371 78 80
2372 65 88
2373 76 57
2374 4 90
2375 21 98
2376 82 14
2377 48 95
2378 39 96
2379 16 67
2380 67 14
2381 49 24
2382 39 90
2383 51 23
2384 72 90
2385 63 27
2386 94 9
2387 41 77
2388 29 52
2389 44 89
2390 67 96
2391 43 79
2392 98 64
2393 24 1
2394 77 63
2395 20 42
2396 42 59
2397 67 82
2398 15 8
2399 84 64
2400 27 59
2401 54 71
2402 19 65
2403 18 46
2404 16 67
2405 94 1
2406 50 24
2407 5 68
2408 69 61
2409 0 57
2410 36 53
2411 59 30
2412 23 53
2413 53 66
2414 54 22
2415 23 46
2416 88 48
2417 8 59
2418 87 30
2419 51 99
2420 81 64
2421 70 25
2422 94 40
2423 99 76
2424 89 8
2425 32 17
2426 85 42
2427 73 94
2428 60 88
2429 39 14
2430 31 41
2431 16 32
2432 47 60
2433 46 20
2434 50 88
2435 57 11
2436 87 19
2437 4 66
2438 75 24
2439 66 57
2440 89 25
2441 8 5
2442 78 67
2443 0 94
2444 17 32
2445 23 19
2446 9 55
2447 58 69
2448 5 90
2449 39 33
2450 27 6
2451 10 32
2452 44 82
2453 63 75
2454 63 3
2455 32 45
2456 94 3
2457 89 12
2458 62 61
2459 2 100
2460 60 4
2461 96 11
2462 100 17
2463 64 71
2464 3 3
2465 3 8
2466 93 12
2467 21 11
2468 73 1
2469 45 2
2470 37 45
2471 62 10
2472 64 86
2473 52 91
2474 26 50
2475 0 83
2476 41 38
2477 36 75
2478 63 17
2479 7 2
2480 64 64
2481 96 69
2482 38 28
2483 65 78
2484 89 4
2485 37 92
2486 54 69
2487 2 57
2488 24 49
2489 89 23
2490 32 19
2491 61 15
2492 69 85
2493 39 48
2494 80 51
2495 91 93
2496 22 55
2497 77 1
2498 37 62
2499 73 62
2500 60 94
2501 12 93
2502 54 46
2503 30 100
2504 19 60
2505 12 12
2506 45 34
2507 80 96
2508 24 63
2509 44 53
2510 87 54
2511 19 51
2512 70 97
2513 29 3
2514 89 47
2515 7 27
2516 100 99
2517 6 91
2518 84 78
2519 7 58
2520 3 77
2521 31 88
2522 70 57
2523 24 25
2524 8 56
2525 62 48
2526 2 8
2527 94 51
2528 71 9
2529 31 94
2530 95 10
2531 15 87
2532 11 18
2533 34 5
2534 12 16
2535 34 17
2536 96 36
2537 86 79
2538 19 94
2539 1 8
2540 4 27
2541 75 33
2542 87 73
2543 51 79
2544 11 79
2545 68 100
2546 76 70
2547 14 30
2548 27 60
2549 70 22
2550 86 1
2551 84 63
2552 66 87
2553 90 99
2554 27 81
2555 71 64
2556 71 16
2557 5 2
2558 79 70
2559 49 88
2560 77 56
2561 91 100
2562 38 20
2563 85 66
2564 77 17
2565 51 79
2566 2 53
2567 2 33
2568 69 93
2569 93 51
2570 18 61
2571 79 13
2572 60 100
2573 52 0
2574 31 38
2575 6 91
2576 12 49
2577 22 17
2578 94 86
2579 69 30
2580 1 20
2581 16 60
2582 79 74
2583 55 41
2584 99 44
2585 86 46
2586 45 79
2587 46 95
2588 63 97
2589 3 96
2590 61 29
2591 75 6
2592 93 71
2593 46 69
2594 28 66
2595 73 11
2596 80 37
2597 14 38
2598 74 54
2599 0 25
2600 2 70
2601 60 4
2602 43 68
2603 68 50
2604 29 47
2605 5 52
2606 93 74
2607 50 73
2608 87 88
2609 6 44
2610 78 97
2611 5 90
2612 42 33
2613 90 45
2614 18 14
2615 43 58
2616 36 22
2617 59 44
2618 60 73
2619 3 75
2620 47 8
2621 92 66
2622 19 0
2623 98 24
2624 69 44
2625 38 41
2626 53 17
2627 72 4
2628 94 59
2629 10 32
2630 1 91
2631 23 95
2632 34 47
2633 6 92
2634 36 62
2635 4 23
2636 59 52
2637 83 37
2638 99 44
2639 85 69
2640 4 37
2641 63 30
2642 11 60
2643 46 30
2644 100 7
2645 55 97
2646 54 24
2647 15 69
2648 52 38
2649 93 58
2650 100 64
2651 42 13
2652 80 4
2653 37 98
2654 51 15
2655 53 93
2656 39 84
2657 61 12
2658 20 24
2659 51 63
2660 95 10
2661 9 69
2662 36 34
2663 11 93
2664 68 82
2665 65 99
2666 94 26
2667 25 42
2668 58 71
2669 10 67
2670 16 72
2671 38 61
2672 48 60
2673 11 8
2674 57 4
2675 82 93
2676 82 8
2677 18 79
2678 11 39
2679 22 79
2680 65 63
2681 63 75
2682 9 24
2683 20 52
2684 90 92
2685 89 25
2686 79 26
2687 51 41
2688 32 54
2689 80 89
2690 1 47
2691 60 25
2692 92 55
2693 48 93
2694 68 25
2695 75 40
2696 32 17
2697 27 19
2698 77 6
2699 96 78
2700 0 69
2701 21 73
2702 85 99
2703 89 95
2704 99 80
2705 48 58
2706 72 84
2707 16 56
2708 63 65
2709 71 33
2710 17 9
2711 97 46
2712 23 11
2713 12 75
2714 10 96
2715 4 86
2716 74 88
2717 50 26
2718 15 70
2719 46 58
2720 67 50
2721 19 7
2722 15 9
2723 66 86
2724 8 82
2725 26 50
2726 72 5
2727 69 64
2728 85 15
2729 53 22
2730 66 49
2731 72 2
2732 78 9
2733 49 10
2734 100 30
2735 76 1
2736 12 64
2737 1 8
2738 43 30
2739 54 47
2740 9 46
2741 28 1
2742 47 58
2743 0 93
2744 91 14
2745 46 9
2746 56 57
2747 60 70
2748 67 28
2749 74 11
2750 59 54
2751 25 82
2752 60 37
2753 46 16
2754 92 32
2755 15 86
2756 9 56
2757 6 11
2758 6 93
2759 59 63
2760 49 1
2761 24 17
2762 93 3
2763 6 5
2764 25 0
2765 4 7
2766 58 88
2767 79 65
2768 10 29
2769 13 8
2770 99 6
2771 93 69
2772 48 50
2773 46 37
2774 88 86
2775 33 99
2776 48 48
2777 7 29
2778 99 93
2779 29 11
2780 65 22
2781 48 76
2782 28 84
2783 26 30
2784 14 67
2785 35 43
2786 24 75
2787 7 81
2788 28 33
2789 46 99
2790 86 27
2791 85 99
2792 65 35
2793 18 97
2794 88 95
2795 20 49
2796 63 15
2797 92 44
2798 55 15
2799 57 38
2800 61 89
2801 97 1
2802 43 36
2803 19 77
2804 89 39
2805 23 41
2806 93 68
2807 69 31
2808 61 44
2809 74 27
2810 31 23
2811 85 8
2812 27 32
2813 98 9
2814 85 17
2815 65 10
2816 12 19
2817 36 8
2818 77 60
2819 30 63
2820 44 58
2821 74 88
2822 12 23
2823 57 59
2824 66 26
2825 44 79
2826 66 90
2827 36 87
2828 43 94
2829 82 95
2830 71 25
2831 57 27
2832 24 100
2833 50 21
2834 3 23
2835 84 46
2836 0 12
2837 53 32
2838 55 73
2839 70 8
2840 7 0
2841 36 92
2842 19 19
2843 45 49
2844 75 27
2845 31 72
2846 64 19
2847 39 11
2848 93 65
2849 16 55
2850 76 86
2851 41 0
2852 39 81
2853 98 23
2854 44 78
2855 95 5
2856 43 47
2857 47 64
2858 28 18
2859 89 34
2860 36 95
2861 44 10
2862 77 60
2863 13 19
2864 25 20
2865 0 94
2866 69 76
2867 52 64
2868 25 58
2869 18 42
2870 66 70
2871 75 10
2872 20 33
2873 69 95
2874 17 38
2875 4 48
2876 61 18
2877 30 34
2878 64 27
2879 59 38
2880 58 29
2881 12 89
2882 29 56
2883 53 27
2884 28 79
2885 41 11
2886 100 23
2887 87 50
2888 27 62
2889 19 16
2890 45 94
2891 89 3
2892 65 19
2893 1 39
2894 1 74
2895 93 84
2896 67 14
2897 56 86
2898 81 86
2899 60 59
2900 34 42
2901 89 24
2902 59 79
2903 44 51
2904 87 93
2905 7 74
2906 84 55
2907 90 59
2908 58 74
2909 74 43
2910 72 86
2911 11 75
2912 70 68
2913 9 73
2914 61 41
2915 10 19
2916 17 93
2917 2 24
2918 76 90
2919 42 32
2920 29 0
2921 26 32
2922 17 60
2923 46 23
2924 5 56
2925 10 8
2926 66 41
2927 98 11
2928 54 48
2929 38 95
2930 97 84
2931 7 78
2932 55 11
2933 75 47
2934 73 85
2935 65 46
2936 98 14
2937 95 2
2938 79 75
2939 65 14
2940 5 51
2941 46 55
2942 69 96
2943 10 87
2944 11 27
2945 13 61
2946 28 2
2947 24 30
2948 39 36
2949 73 85
2950 26 76
2951 94 35
2952 86 55
2953 34 74
2954 89 43
2955 0 38
2956 4 23
2957 44 2
2958 11 74
2959 15 22
2960 7 92
2961 41 19
2962 36 5
2963 80 86
2964 68 19
2965 85 36
2966 68 0
2967 30 22
2968 94 72
2969 75 64
2970 14 64
2971 10 91
2972 65 70
2973 70 16
2974 35 88
2975 67 67
2976 100 1
2977 11 84
2978 1 88
2979 18 17
2980 54 4
2981 9 39
2982 23 56
2983 40 26
2984 31 99
2985 24 79
2986 55 97
2987 50 42
2988 92 2
2989 96 18
2990 73 46
2991 61 48
2992 72 12
2993 63 41
2994 20 19
2995 82 57
2996 74 47
2997 27 2
2998 40 16
2999 1 63
3000 40 52
3001 28 93
3002 13 21
3003 35 48
3004 8 15
3005 63 1
3006 18 6
3007 11 41
3008 10 41
3009 67 30
3010 63 81
3011 13 80
3012 66 63
3013 65 1
3014 71 38
3015 8 26
3016 91 64
3017 19 77
3018 13 44
3019 4 43
3020 84 37
3021 52 31
3022 85 28
3023 7 98
3024 12 88
3025 16 38
3026 12 18
3027 24 13
3028 14 29
3029 61 1
3030 42 94
3031 48 32
3032 11 32
3033 4 52
3034 75 75
3035 88 78
3036 66 17
3037 94 37
3038 10 80
3039 91 22
3040 22 83
3041 75 85
3042 67 18
3043 13 51
3044 100 34
3045 43 89
3046 61 54
3047 37 71
3048 56 48
3049 100 78
3050 77 2
3051 39 17
3052 31 71
3053 4 8
3054 67 64
3055 29 66
3056 40 41
3057 63 12
3058 54 13
3059 9 63
3060 2 34
3061 27 11
3062 10 76
3063 33 40
3064 11 7
3065 75 94
3066 17 70
3067 34 74
3068 82 64
3069 46 38
3070 81 36
3071 62 15
3072 48 23
3073 56 78
3074 77 10
3075 83 81
3076 33 71
3077 73 61
3078 30 78
3079 0 41
3080 85 85
3081 1 84
3082 97 68
3083 35 11
3084 7 96
3085 66 59
3086 7 18
3087 55 81
3088 83 60
3089 14 22
3090 98 73
3091 53 79
3092 65 93
3093 51 22
3094 69 75
3095 55 36
3096 29 34
3097 82 56
3098 5 14
3099 6 38
3100 93 53
3101 79 64
3102 46 47
3103 79 81
3104 41 28
3105 64 24
3106 22 5
3107 93 51
3108 11 54
3109 2 26
3110 1 33
3111 59 76
3112 54 41
3113 92 33
3114 96 52
3115 24 15
3116 96 38
3117 8 52
3118 24 79
3119 70 21
3120 46 50
3121 10 70
3122 74 62
3123 73 20
3124 14 1
3125 12 12
3126 12 32
3127 12 91
3128 15 23
3129 49 44
3130 81 76
3131 49 51
3132 54 57
3133 80 28
3134 28 37
3135 67 80
3136 30 25
3137 21 50
3138 50 31
3139 67 59
3140 12 43
3141 97 34
3142 10 69
3143 76 19
3144 44 62
3145 4 78
3146 46 77
3147 73 52
3148 27 21
3149 26 86
3150 97 84
3151 99 48
3152 42 8
3153 70 80
3154 47 34
3155 87 71
3156 64 26
3157 93 88
3158 96 90
3159 81 2
3160 88 73
3161 54 75
3162 92 45
3163 52 34
3164 64 72
3165 20 3
3166 75 26
3167 25 51
3168 28 48
3169 52 38
3170 23 15
3171 56 53
3172 7 53
3173 8 51
3174 16 48
3175 28 81
3176 37 86
3177 63 97
3178 1 58
3179 87 55
3180 69 40
3181 22 82
3182 1 88
3183 73 34
3184 7 61
3185 4 82
3186 1 52
3187 63 3
3188 62 76
3189 57 78
3190 77 69
3191 77 96
3192 35 4
3193 79 15
3194 86 29
3195 14 11
3196 47 66
3197 54 30
3198 18 92
3199 36 73
3200 77 89
3201 11 29
3202 61 100
3203 38 49
3204 75 25
3205 23 23
3206 94 55
3207 81 73
3208 40 94
3209 43 5
3210 97 70
3211 59 51
3212 82 82
3213 38 54
3214 67 57
3215 4 92
3216 57 1
3217 73 71
3218 64 54
3219 94 64
3220 11 9
3221 6 93
3222 7 61
3223 32 83
3224 42 58
3225 78 40
3226 0 95
3227 33 58
3228 57 77
3229 21 88
3230 53 29
3231 27 0
3232 41 48
3233 91 25
3234 44 11
3235 89 8
3236 95 86
3237 48 8
3238 91 19
3239 37 3
3240 36 51
3241 16 95
3242 7 17
3243 50 73
3244 86 64
3245 25 77
3246 65 25
3247 49 15
3248 20 81
3249 24 37
3250 60 13
3251 91 80
3252 10 100
3253 4 18
3254 29 24
3255 30 19
3256 72 42
3257 52 13
3258 18 74
3259 35 8
3260 26 24
3261 2 4
3262 95 35
3263 27 33
3264 21 96
3265 22 5
3266 29 97
3267 5 80
3268 43 42
3269 79 91
3270 13 94
3271 65 95
3272 37 80
3273 43 24
3274 83 65
3275 2 48
3276 71 94
3277 73 49
3278 49 82
3279 94 78
3280 72 93
3281 32 59
3282 56 80
3283 26 52
3284 72 12
3285 46 99
3286 44 54
3287 77 21
3288 100 7
3289 81 15
3290 89 83
3291 96 3
3292 6 8
3293 90 45
3294 59 75
3295 45 70
3296 1 31
3297 76 25
3298 53 81
3299 30 12
3300 77 11
3301 83 66
3302 67 24
3303 75 77
3304 62 27
3305 10 71
3306 70 36
3307 5 96
3308 57 83
3309 15 28
3310 17 18
3311 54 51
3312 34 23
3313 66 8
3314 36 2
3315 0 94
3316 58 36
3317 54 100
3318 88 50
3319 87 57
3320 42 10
3321 71 29
3322 59 90
3323 44 39
3324 6 48
3325 34 29
3326 74 49
3327 33 86
3328 1 95
3329 83 85
3330 24 73
3331 46 29
3332 37 60
3333 53 13
3334 70 93
3335 62 55
3336 55 2
3337 65 79
3338 28 67
3339 52 84
3340 12 80
3341 2 6
3342 65 54
3343 33 71
3344 47 98
3345 81 62
3346 15 60
3347 79 30
3348 56 1
3349 53 1
3350 86 25
3351 37 31
3352 22 78
3353 34 49
3354 8 30
3355 43 63
3356 48 31
3357 88 13
3358 77 22
3359 57 87
3360 10 58
3361 82 46
3362 48 30
3363 1 78
3364 64 1
3365 44 27
3366 14 75
3367 59 44
3368 68 40
3369 27 81
3370 26 82
3371 9 14
3372 82 66
3373 2 64
3374 89 80
3375 95 95
3376 51 59
3377 40 78
3378 12 82
3379 18 9
3380 61 82
3381 26 59
3382 14 34
3383 89 10
3384 55 86
3385 62 56
3386 44 80
3387 36 83
3388 57 22
3389 60 16
3390 0 34
3391 86 36
3392 75 17
3393 70 100
3394 69 99
3395 30 16
3396 82 56
3397 30 93
3398 45 98
3399 73 37
3400 30 29
3401 80 16
3402 4 56
3403 77 5
3404 98 0
3405 5 60
3406 86 36
3407 6 66
3408 100 27
3409 10 63
3410 82 85
3411 24 63
3412 63 50
3413 64 18
3414 46 94
3415 61 27
3416 94 16
3417 90 88
3418 16 63
3419 54 50
3420 59 7
3421 5 50
3422 69 32
3423 2 76
3424 24 86
3425 72 42
3426 65 39
3427 37 3
3428 70 42
3429 47 6
3430 91 2
3431 82 21
3432 3 15
3433 57 48
3434 15 2
3435 46 74
3436 99 62
3437 25 38
3438 93 62
3439 87 30
3440 70 37
3441 30 30
3442 50 60
3443 50 72
3444 70 62
3445 11 9
3446 84 56
3447 29 2
3448 99 56
3449 87 33
3450 41 66
3451 48 32
3452 50 66
3453 82 46
3454 80 4
3455 52 39
3456 42 41
3457 7 9
3458 35 88
3459 82 8
3460 88 99
3461 93 20
3462 78 2
3463 77 63
3464 72 11
3465 72 38
3466 91 41
3467 77 30
3468 52 5
3469 27 78
3470 23 88
3471 82 8
3472 25 35
3473 77 22
3474 32 55
3475 16 81
3476 50 26
3477 92 46
3478 30 16
3479 4 4
3480 21 87
3481 97 32
3482 71 48
3483 2 12
3484 80 91
3485 97 97
3486 26 54
3487 58 90
3488 82 26
3489 74 89
3490 77 76
3491 54 28
3492 93 36
3493 28 84
3494 75 61
3495 37 60
3496 99 56
3497 6 81
3498 35 9
3499 55 78
3500 96 22
3501 63 32
3502 10 12
3503 31 19
3504 36 73
3505 86 86
3506 26 63
3507 2 70
3508 1 92
3509 30 66
3510 71 60
3511 60 32
3512 2 38
3513 78 89
3514 50 59
3515 74 14
3516 14 46
3517 56 57
3518 3 57
3519 64 84
3520 53 37
3521 91 23
3522 30 0
3523 51 99
3524 61 74
3525 65 87
3526 80 12
3527 19 57
3528 98 71
3529 34 39
3530 55 14
3531 60 8
3532 92 30
3533 59 7
3534 88 99
3535 88 41
3536 90 55
3537 81 23
3538 1 89
3539 48 93
3540 20 95
3541 16 27
3542 75 59
3543 39 67
3544 54 100
3545 40 38
3546 45 8
3547 44 15
3548 10 53
3549 48 19
3550 100 12
3551 43 24
3552 66 25
3553 67 44
3554 50 15
3555 53 45
3556 46 66
3557 31 9
3558 12 21
3559 92 66
3560 96 96
3561 82 21
3562 29 86
3563 67 13
3564 58 53
3565 95 65
3566 68 57
3567 73 24
3568 39 20
3569 4 85
3570 47 14
3571 28 34
3572 22 32
3573 15 96
3574 25 42
3575 51 11
3576 41 59
3577 82 87
3578 36 97
3579 9 24
3580 54 57
3581 0 57
3582 42 60
3583 8 73
3584 61 37
3585 24 27
3586 34 17
3587 29 33
3588 55 51
3589 30 30
3590 9 45
3591 42 3
3592 67 46
3593 12 53
3594 58 15
3595 25 24
3596 93 55
3597 9 26
3598 84 1
3599 43 48
3600 20 57
3601 61 28
3602 64 76
3603 53 47
3604 66 40
3605 48 85
3606 79 87
3607 86 29
3608 72 1
3609 19 56
3610 35 34
3611 55 67
3612 6 91
3613 62 17
3614 96 94
3615 45 71
3616 96 4
3617 16 86
3618 77 53
3619 41 67
3620 38 10
3621 89 7
3622 58 46
3623 53 1
3624 33 33
3625 84 60
3626 32 50
3627 84 40
3628 28 45
3629 57 88
3630 4 25
3631 17 46
3632 82 33
3633 58 8
3634 79 33
3635 21 40
3636 79 20
3637 85 75
3638 22 81
3639 82 26
3640 63 44
3641 23 22
3642 92 67
3643 91 26
3644 71 70
3645 2 41
3646 62 82
3647 1 51
3648 48 35
3649 2 59
3650 30 12
3651 3 14
3652 26 50
3653 56 9
3654 68 27
3655 21 78
3656 60 15
3657 86 13
3658 40 68
3659 63 15
3660 40 88
3661 48 79
3662 69 87
3663 43 0
3664 60 74
3665 24 2
3666 65 40
3667 64 77
3668 61 70
3669 40 62
3670 98 81
3671 37 53
3672 25 15
3673 74 80
3674 25 5
3675 11 22
3676 61 20
3677 24 28
3678 25 7
3679 6 92
3680 96 27
3681 55 72
3682 89 9
3683 97 4
3684 69 22
3685 83 85
3686 11 75
3687 14 58
3688 55 36
3689 35 13
3690 24 79
3691 21 60
3692 78 62
3693 63 36
3694 17 58
3695 72 22
3696 39 46
3697 56 57
3698 29 97
3699 19 10
3700 9 66
3701 93 30
3702 34 4
3703 54 26
3704 60 46
3705 8 73
3706 79 69
3707 91 84
3708 93 48
3709 81 8
3710 72 0
3711 74 47
3712 32 11
3713 17 80
3714 27 58
3715 12 69
3716 97 50
3717 63 92
3718 3 3
3719 11 56
3720 58 7
3721 6 94
3722 66 19
3723 47 40
3724 22 24
3725 31 87
3726 52 71
3727 91 57
3728 84 95
3729 14 45
3730 81 25
3731 73 66
3732 21 22
3733 19 39
3734 1 100
3735 92 61
3736 100 82
3737 25 69
3738 92 34
3739 45 36
3740 35 12
3741 98 51
3742 95 11
3743 60 13
3744 18 3
3745 41 86
3746 98 42
3747 16 53
3748 85 49
3749 84 15
3750 83 31
3751 52 98
3752 46 96
3753 19 46
3754 44 96
3755 15 66
3756 65 67
3757 61 95
3758 1 53
3759 89 38
3760 55 40
3761 48 49
3762 16 14
3763 98 6
3764 92 17
3765 69 79
3766 7 76
3767 99 43
3768 87 76
3769 54 55
3770 89 24
3771 74 97
3772 50 25
3773 16 50
3774 45 56
3775 82 69
3776 16 38
3777 71 66
3778 74 7
3779 24 52
3780 38 67
3781 1 45
3782 60 19
3783 99 73
3784 89 46
3785 2 94
3786 88 2
3787 55 74
3788 69 52
3789 45 49
3790 72 36
3791 78 82
3792 99 49
3793 58 54
3794 48 37
3795 81 14
3796 29 34
3797 26 73
3798 20 43
3799 2 17
3800 60 52
3801 60 43
3802 24 98
3803 48 0
3804 19 78
3805 56 41
3806 43 57
3807 32 82
3808 44 89
3809 48 62
3810 41 99
3811 54 40
3812 83 11
3813 48 81
3814 91 96
3815 29 91
3816 34 6
3817 68 49
3818 63 22
3819 44 53
3820 92 63
3821 7 12
3822 20 55
3823 74 46
3824 78 16
3825 90 86
3826 71 9
3827 42 57
3828 29 82
3829 38 58
3830 14 82
3831 79 88
3832 68 57
3833 62 71
3834 40 2
3835 92 4
3836 74 31
3837 14 25
3838 59 49
3839 32 80
3840 76 39
3841 70 27
3842 74 23
3843 78 29
3844 50 84
3845 67 9
3846 34 45
3847 60 49
3848 17 43
3849 29 75
3850 0 56
3851 86 94
3852 40 99
3853 72 66
3854 79 82
3855 7 19
3856 74 80
3857 100 57
3858 81 43
3859 50 18
3860 22 28
3861 11 84
3862 50 42
3863 81 67
3864 91 63
3865 76 92
3866 15 27
3867 68 5
3868 26 33
3869 37 83
3870 36 19
3871 95 100
3872 50 5
3873 75 74
3874 0 66
3875 24 8
3876 26 75
3877 28 68
3878 20 83
3879 62 44
3880 95 74
3881 11 68
3882 54 28
3883 88 51
3884 92 92
3885 45 40
3886 68 49
3887 75 8
3888 85 17
3889 54 82
3890 11 12
3891 29 35
3892 52 22
3893 18 83
3894 4 42
3895 93 78
3896 92 71
3897 22 45
3898 89 66
3899 12 79
3900 92 78
3901 70 68
3902 43 18
3903 73 14
3904 17 25
3905 4 13
3906 80 59
3907 91 22
3908 23 12
3909 20 43
3910 42 30
3911 11 95
3912 49 17
3913 57 40
3914 86 92
3915 49 81
3916 74 39
3917 48 51
3918 67 36
3919 54 33
3920 10 66
3921 29 67
3922 49 29
3923 29 28
3924 23 32
3925 7 60
3926 21 63
3927 67 16
3928 10 61
3929 30 44
3930 49 58
3931 36 82
3932 41 49
3933 29 38
3934 60 51
3935 74 43
3936 4 64
3937 31 99
3938 19 42
3939 21 45
3940 60 82
3941 83 71
3942 39 27
3943 91 36
3944 83 43
3945 14 81
3946 40 68
3947 78 46
3948 14 67
3949 85 41
3950 62 78
3951 10 85
3952 82 92
3953 66 32
3954 65 71
3955 41 2
3956 69 1
3957 62 92
3958 12 97
3959 5 6
3960 39 54
3961 3 90
3962 4 88
3963 63 86
3964 29 59
3965 50 17
3966 28 18
3967 73 18
3968 10 54
3969 43 26
3970 70 9
3971 37 71
3972 7 18
3973 3 74
3974 68 39
3975 37 66
3976 7 18
3977 0 51
3978 75 32
3979 58 74
3980 17 34
3981 6 39
3982 66 78
3983 46 85
3984 19 35
3985 96 14
3986 9 36
3987 64 29
3988 76 66
3989 51 38
3990 14 65
3991 41 11
3992 30 1
3993 73 11
3994 16 99
3995 66 12
3996 81 12
3997 89 80
3998 70 84
3999 3 0
4000 81 58
4001 92 47
4002 22 39
4003 48 4
4004 86 69
4005 37 28
4006 97 81
4007 51 38
4008 49 93
4009 10 19
4010 54 89
4011 76 68
4012 45 11
4013 85 5
4014 46 14
4015 90 70
4016 83 29
4017 12 43
4018 31 1
4019 20 30
4020 0 6
4021 5 92
4022 25 92
4023 14 1
4024 56 35
4025 37 0
4026 73 32
4027 31 73
4028 0 93
4029 56 80
4030 69 1
4031 49 91
4032 67 22
4033 50 30
4034 80 28
4035 52 96
4036 68 13
4037 59 50
4038 1 67
4039 96 74
4040 26 77
4041 4 87
4042 95 18
4043 48 57
4044 58 7
4045 36 93
4046 40 15
4047 29 66
4048 62 61
4049 67 75
4050 61 61
4051 37 30
4052 42 52
4053 3 53
4054 13 85
4055 60 91
4056 64 81
4057 70 91
4058 1 73
4059 41 25
4060 49 43
4061 96 98
4062 89 53
4063 74 96
4064 39 39
4065 70 20
4066 44 31
4067 71 98
4068 77 12
4069 40 15
4070 28 99
4071 36 6
4072 57 38
4073 46 63
4074 12 57
4075 35 30
4076 33 76
4077 35 39
4078 19 87
4079 31 66
4080 37 99
4081 61 6
4082 50 29
4083 70 84
4084 68 79
4085 66 36
4086 66 19
4087 81 93
4088 59 81
4089 43 0
4090 43 50
4091 40 94
4092 23 72
4093 93 60
4094 72 34
4095 17 78
4096 12 79
4097 50 51
4098 4 74
4099 77 81
4100 58 2
4101 82 42
4102 42 32
4103 82 28
4104 59 44
4105 78 80
4106 53 41
4107 50 55
4108 51 67
4109 36 54
4110 47 87
4111 34 78
4112 46 1
4113 76 44
4114 18 32
4115 19 53
4116 81 78
4117 42 93
4118 84 18
4119 93 55
4120 96 22
4121 27 15
4122 96 65
4123 91 60
4124 71 63
4125 99 33
4126 61 17
4127 83 9
4128 100 75
4129 68 18
4130 86 30
4131 51 95
4132 25 24
4133 13 91
4134 100 6
4135 34 83
4136 47 62
4137 82 93
4138 37 2
4139 48 59
4140 88 60
4141 36 14
4142 72 93
4143 50 91
4144 11 38
4145 9 61
4146 57 74
4147 89 39
4148 51 25
4149 13 98
4150 73 86
4151 9 23
4152 60 15
4153 90 25
4154 84 74
4155 1 80
4156 86 22
4157 41 15
4158 17 100
4159 43 98
4160 44 68
4161 90 20
4162 83 15
4163 49 93
4164 30 20
4165 49 94
4166 27 78
4167 11 82
4168 87 8
4169 80 45
4170 97 88
4171 69 6
4172 13 26
4173 49 42
4174 5 31
4175 91 82
4176 38 58
4177 98 32
4178 66 5
4179 95 32
4180 15 86
4181 17 23
4182 50 28
4183 95 22
4184 50 57
4185 54 10
4186 37 33
4187 73 78
4188 39 16
4189 49 5
4190 43 62
4191 71 80
4192 92 78
4193 27 21
4194 17 5
4195 65 26
4196 60 90
4197 79 65
4198 92 64
4199 16 12
4200 5 74
4201 36 80
4202 19 1
4203 69 56
4204 81 70
4205 21 27
4206 74 98
4207 89 87
4208 96 9
4209 55 4
4210 20 39
4211 99 3
4212 60 25
4213 22 6
4214 100 0
4215 77 31
4216 48 33
4217 82 83
4218 88 11
4219 33 87
4220 100 54
4221 8 92
4222 84 55
4223 46 60
4224 34 92
4225 0 90
4226 75 55
4227 94 0
4228 99 38
4229 3 43
4230 53 98
4231 31 69
4232 66 52
4233 63 62
4234 32 43
4235 33 48
4236 85 38
4237 85 89
4238 45 55
4239 16 32
4240 80 65
4241 67 20
4242 99 21
4243 81 42
4244 47 28
4245 36 26
4246 89 74
4247 49 8
4248 77 86
4249 14 42
4250 78 40
4251 6 6
4252 51 75
4253 34 44
4254 11 11
4255 85 46
4256 72 93
4257 59 81
4258 52 4
4259 35 72
4260 94 25
4261 23 54
4262 50 7
4263 20 29
4264 47 85
4265 16 79
4266 60 23
4267 12 60
4268 24 60
4269 10 3
4270 36 96
4271 94 10
4272 31 71
4273 49 54
4274 62 41
4275 97 94
4276 92 32
4277 11 80
4278 51 72
4279 86 32
4280 84 75
4281 44 33
4282 84 12
4283 49 21
4284 40 89
4285 62 4
4286 85 32
4287 63 41
4288 88 76
4289 60 53
4290 47 13
4291 49 43
4292 26 90
4293 42 85
4294 18 73
4295 0 54
4296 48 90
4297 87 43
4298 79 97
4299 7 85
4300 64 50
4301 85 61
4302 14 22
4303 45 83
4304 58 99
4305 19 81
4306 50 31
4307 56 61
4308 80 45
4309 54 50
4310 0 42
4311 13 29
4312 40 34
4313 13 64
4314 2 89
4315 13 66
4316 11 76
4317 0 82
4318 96 24
4319 83 76
4320 93 91
4321 70 47
4322 76 82
4323 40 73
4324 30 0
4325 12 36
4326 66 22
4327 57 55
4328 16 16
4329 93 22
4330 79 88
4331 73 23
4332 20 88
4333 25 15
4334 49 70
4335 51 51
4336 54 35
4337 13 69
4338 93 18
4339 68 91
4340 20 63
4341 98 7
4342 42 81
4343 65 11
4344 70 7
4345 75 8
4346 47 73
4347 26 22
4348 42 9
4349 12 99
4350 86 3
4351 0 34
4352 28 42
4353 24 9
4354 69 4
4355 41 60
4356 36 48
4357 8 77
4358 42 90
4359 98 20
4360 77 51
4361 72 64
4362 23 8
4363 47 95
4364 99 10
4365 39 71
4366 13 56
4367 81 90
4368 67 56
4369 63 4
4370 50 67
4371 55 32
4372 78 98
4373 44 11
4374 66 16
4375 43 17
4376 67 99
4377 53 49
4378 30 44
4379 28 28
4380 57 66
4381 94 21
4382 32 85
4383 58 27
4384 78 55
4385 49 12
4386 80 55
4387 24 51
4388 58 89
4389 56 37
4390 61 10
4391 26 74
4392 3 19
4393 13 25
4394 15 30
4395 23 11
4396 1 44
4397 41 77
4398 15 14
4399 40 69
4400 66 82
4401 36 62
4402 31 11
4403 20 25
4404 100 35
4405 3 11
4406 98 31
4407 52 38
4408 72 46
4409 47 18
4410 81 16
4411 60 63
4412 74 94
4413 67 94
4414 26 4
4415 28 72
4416 5 67
4417 84 88
4418 81 75
4419 48 68
4420 31 42
4421 71 8
4422 53 17
4423 16 66
4424 22 69
4425 53 61
4426 93 87
4427 61 19
4428 27 72
4429 52 26
4430 21 52
4431 47 100
4432 62 42
4433 31 20
4434 70 3
4435 66 81
4436 36 8
4437 76 68
4438 38 23
4439 14 82
4440 64 87
4441 0 28
4442 21 61
4443 12 7
4444 12 53
4445 55 44
4446 33 67
4447 74 92
4448 74 69
4449 5 21
4450 82 22
4451 98 7
4452 26 44
4453 84 33
4454 59 74
4455 64 78
4456 43 16
4457 33 34
4458 73 19
4459 89 18
4460 81 9
4461 12 2
4462 72 96
4463 31 83
4464 21 17
4465 19 4
4466 32 39
4467 39 70
4468 85 6
4469 51 96
4470 0 37
4471 19 26
4472 86 98
4473 91 86
4474 1 44
4475 30 11
4476 25 1
4477 35 91
4478 93 52
4479 59 30
4480 5 33
4481 16 100
4482 100 20
4483 17 9
4484 1 55
4485 89 23
4486 1 33
4487 7 76
4488 40 64
4489 85 13
4490 72 41
4491 48 61
4492 72 43
4493 81 57
4494 56 70
4495 30 9
4496 6 4
4497 70 6
4498 49 49
4499 63 11
4500 0 84
4501 55 100
4502 57 44
4503 6 45
4504 71 65
4505 35 6
4506 70 28
4507 60 19
4508 5 92
4509 33 17
4510 78 14
4511 98 88
4512 34 55
4513 55 36
4514 60 95
4515 74 6
4516 29 17
4517 90 82
4518 99 61
4519 29 36
4520 3 81
4521 74 17
4522 67 7
4523 71 65
4524 17 66
4525 89 28
4526 90 20
4527 36 88
4528 53 27
4529 55 83
4530 60 45
4531 79 32
4532 74 74
4533 44 27
4534 72 50
4535 58 67
4536 65 74
4537 0 78
4538 53 97
4539 56 61
4540 87 1
4541 56 21
4542 98 71
4543 35 44
4544 29 0
4545 53 29
4546 60 19
4547 62 95
4548 26 58
4549 78 33
4550 99 34
4551 94 80
4552 80 42
4553 89 11
4554 88 66
4555 73 92
4556 73 87
4557 7 22
4558 27 3
4559 32 62
4560 4 87
4561 17 63
4562 54 93
4563 51 51
4564 98 83
4565 34 20
4566 16 73
4567 34 2
4568 23 69
4569 74 28
4570 3 14
4571 78 68
4572 68 11
4573 38 68
4574 76 87
4575 43 11
4576 68 13
4577 82 70
4578 73 66
4579 100 98
4580 58 44
4581 99 47
4582 1 33
4583 35 74
4584 92 25
4585 6 15
4586 88 40
4587 17 35
4588 99 18
4589 82 41
4590 43 7
4591 41 73
4592 52 17
4593 17 65
4594 4 28
4595 89 13
4596 100 23
4597 24 17
4598 16 11
4599 15 74
4600 18 28
4601 95 10
4602 80 79
4603 79 71
4604 6 20
4605 93 18
4606 63 32
4607 18 42
4608 92 87
4609 55 30
4610 39 22
4611 82 99
4612 79 76
4613 27 9
4614 67 61
4615 28 14
4616 77 39
4617 25 17
4618 73 57
4619 62 88
4620 20 24
4621 60 40
4622 30 75
4623 0 50
4624 45 73
4625 99 51
4626 45 56
4627 14 93
4628 17 66
4629 13 8
4630 3 38
4631 11 51
4632 61 55
4633 3 83
4634 78 29
4635 5 22
4636 48 43
4637 32 44
4638 58 91
4639 51 90
4640 61 78
4641 78 99
4642 87 46
4643 67 55
4644 56 2
4645 73 46
4646 56 16
4647 85 93
4648 43 73
4649 36 94
4650 93 80
4651 47 43
4652 56 19
4653 82 68
4654 64 74
4655 93 44
4656 13 95
4657 74 26
4658 76 75
4659 98 9
4660 65 40
4661 88 24
4662 82 11
4663 82 14
4664 19 76
4665 72 74
4666 58 39
4667 32 37
4668 73 96
4669 94 27
4670 31 24
4671 1 84
4672 98 30
4673 55 27
4674 79 95
4675 60 12
4676 57 14
4677 64 14
4678 10 12
4679 55 74
4680 35 30
4681 100 21
4682 14 56
4683 88 30
4684 23 34
4685 1 8
4686 60 83
4687 71 48
4688 58 75
4689 97 34
4690 96 97
4691 100 40
4692 39 13
4693 55 68
4694 82 16
4695 89 69
4696 44 99
4697 14 14
4698 55 33
4699 14 77
4700 45 67
4701 58 54
4702 70 80
4703 79 22
4704 29 31
4705 16 21
4706 87 62
4707 58 24
4708 9 95
4709 98 65
4710 15 58
4711 33 57
4712 67 61
4713 78 55
4714 78 78
4715 27 52
4716 53 99
4717 77 90
4718 93 94
4719 35 34
4720 14 71
4721 79 10
4722 50 44
4723 25 49
4724 95 4
4725 8 13
4726 16 33
4727 37 60
4728 62 77
4729 0 13
4730 52 100
4731 49 48
4732 65 100
4733 90 8
4734 50 54
4735 76 70
4736 73 78
4737 48 16
4738 88 21
4739 85 80
4740 13 42
4741 91 38
4742 56 34
4743 0 100
4744 89 26
4745 71 90
4746 82 27
4747 61 50
4748 7 63
4749 40 47
4750 27 71
4751 28 15
4752 51 46
4753 53 76
4754 60 91
4755 98 75
4756 28 5
4757 65 81
4758 71 34
4759 6 4
4760 55 22
4761 25 9
4762 83 71
4763 19 22
4764 99 58
4765 20 25
4766 75 40
4767 37 51
4768 56 68
4769 58 4
4770 65 90
4771 39 25
4772 62 52
4773 20 24
4774 37 70
4775 1 24
4776 26 7
4777 35 14
4778 83 43
4779 98 59
4780 27 47
4781 100 67
4782 75 48
4783 71 62
4784 85 56
4785 72 1
4786 1 35
4787 20 82
4788 25 76
4789 95 13
4790 28 100
4791 12 59
4792 68 36
4793 59 70
4794 42 5
4795 82 12
4796 48 28
4797 56 84
4798 53 88
4799 23 11
4800 100 38
4801 1 74
4802 54 64
4803 39 54
4804 9 23
4805 97 82
4806 20 65
4807 37 50
4808 44 9
4809 80 31
4810 40 39
4811 89 70
4812 69 36
4813 28 32
4814 98 25
4815 27 93
4816 9 18
4817 96 72
4818 25 52
4819 100 92
4820 0 28
4821 42 99
4822 8 16
4823 91 29
4824 7 83
4825 16 3
4826 15 45
4827 50 38
4828 1 60
4829 68 85
4830 40 54
4831 3 32
4832 69 77
4833 19 46
4834 71 57
4835 49 79
4836 55 85
4837 23 1
4838 88 99
4839 13 31
4840 30 48
4841 46 40
4842 5 11
4843 63 31
4844 21 45
4845 80 50
4846 40 99
4847 38 75
4848 96 99
4849 55 16
4850 22 100
4851 71 83
4852 59 12
4853 5 41
4854 21 62
4855 36 76
4856 6 75
4857 64 25
4858 78 4
4859 49 73
4860 47 23
4861 86 58
4862 7 40
4863 17 46
4864 66 17
4865 63 3
4866 90 46
4867 24 55
4868 64 71
4869 67 48
4870 56 61
4871 20 42
4872 16 15
4873 30 55
4874 50 74
4875 15 6
4876 48 65
4877 65 25
4878 8 88
4879 86 68
4880 33 98
4881 99 36
4882 4 12
4883 45 70
4884 92 53
4885 70 83
4886 4 86
4887 31 56
4888 39 40
4889 52 68
4890 13 95
4891 99 47
4892 87 13
4893 91 53
4894 31 44
4895 40 29
4896 45 26
4897 40 28
4898 57 57
4899 0 84
4900 34 98
4901 11 90
4902 50 32
4903 95 52
4904 86 70
4905 79 22
4906 49 67
4907 40 98
4908 22 89
4909 53 66
4910 24 46
4911 26 52
4912 34 22
4913 90 43
4914 98 62
4915 21 41
4916 88 12
4917 68 75
4918 91 84
4919 92 28
4920 62 16
4921 14 77
4922 71 62
4923 20 34
4924 71 100
4925 52 46
4926 74 69
4927 70 13
4928 56 85
4929 63 61
4930 43 48
4931 47 70
4932 82 6
4933 66 31
4934 30 19
4935 42 95
4936 94 61
4937 26 66
4938 51 81
4939 10 94
4940 48 27
4941 85 23
4942 10 66
4943 98 69
4944 48 58
4945 27 63
4946 74 64
4947 8 33
4948 34 9
4949 56 0
4950 33 3
4951 88 49
4952 77 37
4953 36 20
4954 33 58
4955 48 15
4956 1 96
4957 70 16
4958 96 5
4959 35 3
4960 15 32
4961 54 69
4962 50 53
4963 26 87
4964 28 47
4965 76 36
4966 81 90
4967 65 48
4968 92 100
4969 51 53
4970 78 33
4971 98 20
4972 18 62
4973 35 69
4974 47 67
4975 53 33
4976 70 0
4977 50 58
4978 77 53
4979 3 72
4980 50 39
4981 42 6
4982 48 27
4983 11 76
4984 40 26
4985 56 39
4986 24 46
4987 71 18
4988 68 98
4989 33 49
4990 15 51
4991 40 83
4992 21 22
4993 62 65
4994 23 73
4995 78 72
4996 39 93
4997 91 93
4998 84 27
4999 12 47
5000 88 32
5001 57 62
5002 36 20
5003 48 74
5004 45 95
5005 2 30
5006 28 57
5007 64 55
5008 97 26
5009 94 22
5010 16 38
5011 80 1
5012 47 64
5013 92 84
5014 20 73
5015 59 93
5016 51 16
5017 45 49
5018 18 9
5019 64 70
5020 21 0
5021 74 32
5022 20 54
5023 100 92
5024 31 86
5025 41 38
5026 11 5
5027 77 91
5028 66 97
5029 28 55
5030 39 40
5031 43 98
5032 100 87
5033 6 50
5034 70 99
5035 63 82
5036 51 39
5037 35 93
5038 72 52
5039 33 93
5040 51 8
5041 28 15
5042 79 28
5043 52 17
5044 88 72
5045 38 20
5046 55 57
5047 52 72
5048 10 54
5049 34 89
5050 90 98
5051 83 53
5052 19 62
5053 23 44
5054 88 76
5055 54 24
5056 76 48
5057 72 2
5058 76 10
5059 18 58
5060 69 52
5061 81 36
5062 70 62
5063 51 28
5064 42 17
5065 41 68
5066 66 31
5067 13 31
5068 49 13
5069 92 35
5070 87 19
5071 0 85
5072 40 92
5073 56 60
5074 23 89
5075 100 76
5076 23 100
5077 40 43
5078 95 13
5079 98 42
5080 43 85
5081 69 43
5082 97 75
5083 83 42
5084 0 61
5085 36 41
5086 68 32
5087 93 17
5088 63 86
5089 0 51
5090 41 78
5091 83 66
5092 79 78
5093 82 9
5094 13 82
5095 25 55
5096 8 7
5097 68 75
5098 37 89
5099 60 52
5100 45 35
5101 71 100
5102 44 49
5103 77 81
5104 28 53
5105 28 4
5106 87 32
5107 21 7
5108 42 55
5109 93 34
5110 30 99
5111 21 17
5112 41 98
5113 23 40
5114 20 58
5115 1 70
5116 28 85
5117 49 58
5118 23 5
5119 80 73
5120 20 86
5121 81 11
5122 63 52
5123 39 86
5124 51 84
5125 58 84
5126 93 65
5127 41 32
5128 38 66
5129 52 77
5130 49 79
5131 24 30
5132 33 21
5133 86 38
5134 88 100
5135 41 8
5136 40 90
5137 68 94
5138 78 48
5139 95 60
5140 55 52
5141 16 13
5142 21 40
5143 99 22
5144 61 7
5145 11 52
5146 77 28
5147 83 27
5148 27 4
5149 12 61
5150 72 73
5151 92 51
5152 67 80
5153 39 62
5154 65 72
5155 40 83
5156 98 43
5157 46 94
5158 74 68
5159 90 29
5160 92 49
5161 47 7
5162 82 26
5163 32 30
5164 93 38
5165 66 21
5166 2 22
5167 100 97
5168 50 30
5169 91 87
5170 16 46
5171 58 91
5172 4 87
5173 52 51
5174 19 24
5175 52 43
5176 89 0
5177 64 4
5178 79 78
5179 37 50
5180 70 97
5181 72 67
5182 61 1
5183 37 59
5184 4 66
5185 3 3
5186 24 0
5187 59 96
5188 93 61
5189 28 68
5190 13 91
5191 37 77
5192 39 67
5193 30 30
5194 68 80
5195 42 70
5196 22 89
5197 15 44
5198 75 88
5199 65 46
5200 93 25
5201 77 96
5202 83 51
5203 8 85
5204 7 2
5205 31 33
5206 26 79
5207 15 61
5208 14 26
5209 33 81
5210 92 65
5211 71 93
5212 54 71
5213 18 22
5214 22 35
5215 62 65
5216 4 31
5217 84 52
5218 14 7
5219 56 83
5220 79 29
5221 6 21
5222 86 67
5223 6 56
5224 69 41
5225 81 27
5226 99 57
5227 77 83
5228 2 20
5229 29 96
5230 52 64
5231 16 62
5232 49 65
5233 1 49
5234 56 30
5235 83 56
5236 96 62
5237 36 30
5238 83 61
5239 5 81
5240 73 71
5241 10 51
5242 32 22
5243 12 52
5244 41 84
5245 41 9
5246 85 96
5247 31 0
5248 52 78
5249 74 81
5250 16 95
5251 8 100
5252 24 19
5253 97 99
5254 98 42
5255 57 64
5256 97 3
5257 88 98
5258 62 3
5259 69 46
5260 58 62
5261 15 63
5262 72 60
5263 31 64
5264 43 60
5265 49 10
5266 74 11
5267 77 13
5268 78 54
5269 48 3
5270 77 96
5271 61 57
5272 50 26
5273 66 25
5274 39 92
5275 22 14
5276 54 90
5277 0 9
5278 2 56
5279 24 67
5280 29 39
5281 67 35
5282 58 96
5283 23 28
5284 89 48
5285 36 48
5286 26 11
5287 73 3
5288 51 91
5289 16 1
5290 32 4
5291 17 27
5292 30 41
5293 41 4
5294 42 35
5295 21 76
5296 85 2
5297 12 52
5298 48 71
5299 59 52
5300 30 43
5301 96 14
5302 4 62
5303 82 92
5304 37 73
5305 93 71
5306 98 58
5307 65 15
5308 21 15
5309 65 37
5310 69 36
5311 53 23
5312 15 3
5313 1 42
5314 9 20
5315 75 97
5316 36 75
5317 92 53
5318 32 67
5319 16 7
5320 19 83
5321 22 37
5322 30 78
5323 23 57
5324 21 26
5325 81 21
5326 53 45
5327 74 71
5328 17 65
5329 61 15
5330 71 70
5331 21 29
5332 77 15
5333 96 29
5334 42 9
5335 92 60
5336 5 32
5337 27 90
5338 19 16
5339 84 33
5340 37 23
5341 100 54
5342 89 29
5343 10 34
5344 65 44
5345 50 51
5346 30 52
5347 69 66
5348 75 87
5349 48 49
5350 48 98
5351 39 28
5352 23 26
5353 69 15
5354 55 24
5355 12 7
5356 72 39
5357 82 86
5358 15 96
5359 20 5
5360 66 46
5361 19 24
5362 25 84
5363 65 89
5364 84 66
5365 9 17
5366 15 75
5367 34 74
5368 76 63
5369 52 98
5370 43 40
5371 100 52
5372 43 63
5373 18 27
5374 61 76
5375 86 67
5376 11 56
5377 84 89
5378 58 36
5379 91 6
5380 24 4
5381 9 94
5382 87 89
5383 37 55
5384 27 89
5385 88 8
5386 95 33
5387 53 62
5388 99 95
5389 77 18
5390 20 88
5391 64 4
5392 9 53
5393 36 43
5394 61 34
5395 96 17
5396 96 55
5397 50 76
5398 62 26
5399 51 98
5400 12 79
5401 63 47
5402 99 2
5403 67 98
5404 99 44
5405 11 17
5406 23 17
5407 8 50
5408 100 90
5409 81 12
5410 1 69
5411 81 43
5412 52 16
5413 54 36
5414 63 12
5415 96 42
5416 17 96
5417 45 33
5418 77 99
5419 63 2
5420 76 17
5421 53 44
5422 13 77
5423 46 12
5424 69 32
5425 99 100
5426 89 61
5427 41 84
5428 49 8
5429 61 4
5430 33 96
5431 67 57
5432 100 35
5433 37 60
5434 13 31
5435 99 0
5436 29 16
5437 56 29
5438 9 4
5439 80 10
5440 9 99
5441 35 6
5442 80 8
5443 7 46
5444 80 5
5445 93 88
5446 9 5
5447 68 34
5448 69 13
5449 28 75
5450 89 6
5451 21 33
5452 33 77
5453 67 5
5454 26 25
5455 10 43
5456 9 20
5457 10 26
5458 83 55
5459 1 65
5460 100 55
5461 42 34
5462 96 92
5463 12 38
5464 80 65
5465 66 51
5466 53 31
5467 84 78
5468 17 47
5469 96 20
5470 96 96
5471 20 28
5472 24 100
5473 33 17
5474 79 34
5475 88 64
5476 36 94
5477 17 30
5478 18 35
5479 31 58
5480 5 9
5481 73 35
5482 87 16
5483 56 92
5484 95 51
5485 3 68
5486 32 45
5487 54 68
5488 3 13
5489 32 49
5490 26 90
5491 81 93
5492 34 34
5493 14 59
5494 79 30
5495 3 67
5496 86 48
5497 7 18
5498 37 57
5499 27 22
5500 80 71
5501 36 47
5502 81 65
5503 96 3
5504 24 9
5505 27 15
5506 12 1
5507 23 78
5508 63 55
5509 47 32
5510 70 64
5511 24 16
5512 47 64
5513 23 88
5514 3 94
5515 54 91
5516 4 62
5517 50 9
5518 11 61
5519 74 63
5520 41 24
5521 5 13
5522 30 33
5523 79 62
5524 14 75
5525 78 82
5526 39 12
5527 6 12
5528 45 77
5529 13 78
5530 89 13
5531 94 32
5532 60 32
5533 24 59
5534 48 59
5535 28 30
5536 32 49
5537 98 80
5538 91 4
5539 83 93
5540 26 55
5541 100 73
5542 65 94
5543 66 67
5544 41 53
5545 77 14
5546 80 65
5547 76 48
5548 34 92
5549 93 25
5550 51 52
5551 67 16
5552 86 100
5553 94 27
5554 59 74
5555 0 35
5556 31 71
5557 21 61
5558 55 57
5559 10 59
5560 25 83
5561 59 79
5562 42 54
5563 95 60
5564 35 36
5565 49 48
5566 97 72
5567 99 55
5568 65 61
5569 80 20
5570 6 30
5571 16 74
5572 41 79
5573 34 61
5574 72 14
5575 26 50
5576 58 20
5577 18 87
5578 16 41
5579 30 33
5580 16 93
5581 46 22
5582 3 15
5583 4 29
5584 13 46
5585 54 38
5586 66 98
5587 85 50
5588 22 62
5589 56 80
5590 76 73
5591 89 55
5592 13 25
5593 19 55
5594 0 39
5595 100 56
5596 82 89
5597 27 100
5598 3 40
5599 55 3
5600 91 53
5601 22 94
5602 28 9
5603 98 36
5604 61 10
5605 76 69
5606 28 6
5607 5 39
5608 35 95
5609 13 98
5610 81 0
5611 89 94
5612 27 48
5613 50 82
5614 99 15
5615 86 23
5616 38 89
5617 13 93
5618 17 8
5619 79 6
5620 44 94
5621 61 41
5622 33 84
5623 88 29
5624 75 24
5625 35 65
5626 61 55
5627 37 20
5628 93 95
5629 76 59
5630 96 9
5631 44 43
5632 13 20
5633 72 90
5634 32 43
5635 19 74
5636 75 80
5637 32 56
5638 31 24
5639 62 43
5640 80 65
5641 32 16
5642 86 100
5643 67 65
5644 25 80
5645 1 48
5646 5 1
5647 99 95
5648 29 16
5649 34 16
5650 40 32
5651 22 5
5652 17 70
5653 78 42
5654 49 85
5655 42 100
5656 23 14
5657 83 87
5658 85 52
5659 93 26
5660 0 20
5661 43 97
5662 68 11
5663 88 74
5664 92 11
5665 44 10
5666 76 18
5667 51 5
5668 35 70
5669 66 36
5670 50 21
5671 74 2
5672 64 53
5673 51 4
5674 94 17
5675 74 92
5676 33 85
5677 100 98
5678 65 59
5679 65 10
5680 94 54
5681 97 50
5682 31 64
5683 16 57
5684 51 34
5685 96 7
5686 57 7
5687 40 36
5688 32 1
5689 28 73
5690 50 68
5691 94 91
5692 6 22
5693 53 53
5694 87 23
5695 23 84
5696 61 28
5697 80 14
5698 41 64
5699 5 55
5700 88 12
5701 3 93
5702 18 6
5703 30 11
5704 69 5
5705 69 14
5706 28 8
5707 50 15
5708 47 19
5709 22 15
5710 25 49
5711 72 18
5712 50 31
5713 56 26
5714 11 86
5715 96 47
5716 78 81
5717 57 53
5718 71 44
5719 65 87
5720 63 37
5721 13 62
5722 61 78
5723 26 60
5724 39 96
5725 66 85
5726 57 94
5727 26 49
5728 93 3
5729 48 3
5730 0 15
5731 28 77
5732 71 31
5733 13 54
5734 75 2
5735 99 59
5736 21 80
5737 38 96
5738 42 13
5739 28 94
5740 16 38
5741 55 61
5742 50 12
5743 58 30
5744 83 28
5745 35 18
5746 15 36
5747 4 65
5748 61 53
5749 80 11
5750 9 77
5751 59 46
5752 85 13
5753 68 16
5754 57 93
5755 35 74
5756 28 94
5757 39 18
5758 100 68
5759 75 0
5760 0 65
5761 34 36
5762 97 56
5763 30 45
5764 100 46
5765 26 91
5766 79 18
5767 61 87
5768 81 27
5769 79 100
5770 42 16
5771 61 72
5772 63 96
5773 18 11
5774 72 22
5775 45 32
5776 27 10
5777 31 57
5778 34 13
5779 98 98
5780 27 38
5781 6 68
5782 27 11
5783 17 95
5784 69 17
5785 47 29
5786 67 59
5787 81 91
5788 0 8
5789 20 12
5790 86 43
5791 35 23
5792 77 86
5793 80 0
5794 10 16
5795 1 62
5796 19 23
5797 53 28
5798 60 35
5799 54 11
5800 70 41
5801 86 96
5802 20 62
5803 89 62
5804 0 37
5805 51 37
5806 28 11
5807 100 43
5808 88 82
5809 84 20
5810 66 96
5811 12 83
5812 1 20
5813 98 19
5814 1 21
5815 68 28
5816 10 80
5817 7 13
5818 6 18
5819 85 100
5820 19 89
5821 78 49
5822 47 43
5823 94 17
5824 20 85
5825 96 14
5826 38 57
5827 8 50
5828 46 96
5829 32 45
5830 51 63
5831 79 29
5832 100 4
5833 10 60
5834 90 88
5835 68 8
5836 27 65
5837 64 72
5838 88 40
5839 19 42
5840 64 64
5841 94 18
5842 81 90
5843 49 42
5844 18 52
5845 46 0
5846 100 10
5847 6 27
5848 77 76
5849 44 63
5850 18 47
5851 15 14
5852 59 46
5853 87 36
5854 13 88
5855 73 4
5856 43 51
5857 81 48
5858 25 43
5859 34 95
5860 37 83
5861 55 90
5862 81 67
5863 21 68
5864 85 8
5865 19 66
5866 54 25
5867 44 44
5868 72 42
5869 19 99
5870 83 40
5871 48 84
5872 50 84
5873 0 7
5874 76 51
5875 41 83
5876 83 72
5877 31 7
5878 58 52
5879 72 54
5880 40 4
5881 20 59
5882 37 11
5883 64 82
5884 41 51
5885 46 28
5886 17 41
5887 57 20
5888 43 11
5889 26 74
5890 30 68
5891 67 51
5892 15 89
5893 96 4
5894 15 36
5895 17 6
5896 77 88
5897 22 44
5898 68 62
5899 80 91
5900 89 77
5901 80 72
5902 22 59
5903 84 7
5904 57 43
5905 2 87
5906 26 18
5907 2 32
5908 91 62
5909 65 69
5910 57 7
5911 90 68
5912 71 50
5913 60 54
5914 79 88
5915 60 53
5916 83 28
5917 92 31
5918 82 34
5919 89 91
5920 82 57
5921 8 88
5922 14 90
5923 75 91
5924 37 15
5925 62 59
5926 55 76
5927 78 90
5928 56 8
5929 3 56
5930 8 17
5931 53 83
5932 51 85
5933 57 45
5934 81 100
5935 69 97
5936 66 44
5937 66 97
5938 77 47
5939 30 59
5940 20 95
5941 89 88
5942 40 79
5943 41 57
5944 55 7
5945 25 15
5946 55 24
5947 3 8
5948 29 99
5949 51 77
5950 8 84
5951 83 70
5952 94 1
5953 87 88
5954 64 67
5955 96 100
5956 23 15
5957 1 6
5958 86 10
5959 70 92
5960 70 70
5961 53 46
5962 68 67
5963 66 16
5964 11 13
5965 25 35
5966 79 68
5967 38 81
5968 30 29
5969 86 49
5970 47 36
5971 55 42
5972 83 5
5973 53 1
5974 89 63
5975 30 57
5976 99 89
5977 2 76
5978 40 29
5979 61 46
5980 18 32
5981 24 10
5982 63 23
5983 12 96
5984 37 92
5985 5 94
5986 89 62
5987 93 17
5988 30 93
5989 27 98
5990 59 76
5991 77 82
5992 73 75
5993 31 48
5994 53 85
5995 72 98
5996 35 31
5997 79 11
5998 59 15
5999 80 96
6000 14 16
6001 59 22
6002 47 82
6003 0 82
6004 74 62
6005 34 33
6006 25 68
6007 38 35
6008 10 98
6009 17 95
6010 56 29
6011 9 26
6012 6 51
6013 87 66
6014 45 54
6015 13 79
6016 3 79
6017 55 71
6018 100 77
6019 45 30
6020 99 11
6021 41 48
6022 83 86
6023 17 32
6024 94 53
6025 97 8
6026 81 12
6027 50 33
6028 62 45
6029 17 87
6030 73 68
6031 100 55
6032 65 23
6033 18 56
6034 71 69
6035 15 96
6036 42 55
6037 32 9
6038 88 36
6039 7 0
6040 40 34
6041 11 98
6042 88 21
6043 84 40
6044 30 3
6045 22 93
6046 0 86
6047 87 14
6048 83 39
6049 89 7
6050 81 89
6051 94 94
6052 69 89
6053 15 22
6054 5 1
6055 60 98
6056 66 17
6057 51 74
6058 77 48
6059 6 91
6060 9 71
6061 11 47
6062 14 91
6063 77 49
6064 70 70
6065 67 7
6066 2 16
6067 78 78
6068 16 3
6069 50 60
6070 51 27
6071 60 35
6072 95 52
6073 31 6
6074 51 16
6075 59 78
6076 90 5
6077 97 5
6078 49 13
6079 90 58
6080 4 47
6081 5 68
6082 0 22
6083 8 61
6084 26 9
6085 26 40
6086 51 33
6087 10 15
6088 93 11
6089 85 10
6090 44 4
6091 47 47
6092 70 79
6093 96 87
6094 34 30
6095 85 12
6096 30 58
6097 15 60
6098 77 50
6099 87 47
6100 51 72
6101 89 93
6102 24 72
6103 72 95
6104 60 10
6105 81 67
6106 71 18
6107 97 73
6108 53 14
6109 49 49
6110 59 88
6111 61 100
6112 64 9
6113 89 4
6114 43 53
6115 37 72
6116 92 12
6117 82 48
6118 48 83
6119 12 30
6120 59 31
6121 5 50
6122 93 50
6123 20 24
6124 56 52
6125 15 92
6126 90 24
6127 23 40
6128 70 2
6129 3 69
6130 49 12
6131 46 25
6132 15 70
6133 34 49
6134 75 27
6135 31 70
6136 6 14
6137 45 70
6138 40 22
6139 30 99
6140 27 20
6141 50 9
6142 64 99
6143 56 22
6144 12 60
6145 78 30
6146 59 49
6147 13 80
6148 13 75
6149 67 1
6150 63 29
6151 2 5
6152 11 6
6153 21 97
6154 16 47
6155 56 28
6156 92 13
6157 23 66
6158 31 59
6159 23 49
6160 93 23
6161 85 8
6162 70 65
6163 100 80
6164 75 53
6165 35 5
6166 18 47
6167 86 82
6168 46 51
6169 17 48
6170 28 92
6171 42 91
6172 45 35
6173 29 27
6174 9 32
6175 41 93
6176 0 25
6177 86 31
6178 91 18
6179 30 4
6180 65 34
6181 48 35
6182 96 79
6183 33 65
6184 11 60
6185 75 91
6186 96 100
6187 100 40
6188 12 99
6189 93 70
6190 51 60
6191 45 0
6192 20 83
6193 61 93
6194 15 80
6195 74 31
6196 96 14
6197 78 15
6198 48 24
6199 24 62
6200 66 10
6201 47 41
6202 53 0
6203 52 77
6204 24 65
6205 62 93
6206 84 72
6207 41 78
6208 80 29
6209 62 89
6210 71 45
6211 68 4
6212 84 59
6213 98 17
6214 14 41
6215 24 59
6216 66 53
6217 80 22
6218 52 6
6219 40 60
6220 47 54
6221 54 54
6222 17 65
6223 36 34
6224 61 33
6225 9 52
6226 34 63
6227 33 13
6228 44 5
6229 67 75
6230 51 36
6231 22 93
6232 44 67
6233 50 78
6234 93 24
6235 88 100
6236 89 86
6237 35 6
6238 12 6
6239 21 2
6240 15 52
6241 4 80
6242 70 1
6243 100 15
6244 83 97
6245 19 28
6246 21 59
6247 86 41
6248 65 13
6249 18 23
6250 29 73
6251 46 24
6252 45 75
6253 92 78
6254 86 48
6255 91 55
6256 11 99
6257 43 56
6258 89 27
6259 7 15
6260 65 51
6261 39 2
6262 2 60
6263 14 54
6264 53 14
6265 13 47
6266 38 42
6267 52 66
6268 24 66
6269 48 30
6270 79 76
6271 1 57
6272 22 2
6273 60 7
6274 73 83
6275 88 49
6276 48 9
6277 3 76
6278 80 77
6279 3 38
6280 51 69
6281 39 65
6282 78 96
6283 38 78
6284 1 67
6285 68 7
6286 75 6
6287 38 54
6288 27 20
6289 25 19
6290 88 75
6291 42 2
6292 34 99
6293 71 20
6294 22 44
6295 66 99
6296 41 4
6297 22 37
6298 55 54
6299 9 17
6300 94 100
6301 25 36
6302 38 52
6303 40 18
6304 50 89
6305 4 54
6306 74 11
6307 66 86
6308 65 9
6309 85 97
6310 48 37
6311 66 15
6312 52 20
6313 54 81
6314 89 7
6315 51 93
6316 82 54
6317 68 98
6318 7 18
6319 37 74
6320 14 28
6321 56 49
6322 8 42
6323 18 35
6324 30 48
6325 90 65
6326 82 20
6327 0 75
6328 63 45
6329 86 29
6330 15 46
6331 56 72
6332 51 99
6333 3 43
6334 22 85
6335 6 91
6336 37 19
6337 0 19
6338 21 20
6339 91 36
6340 12 99
6341 30 91
6342 25 46
6343 48 75
6344 61 99
6345 66 39
6346 49 90
6347 44 89
6348 18 44
6349 9 97
6350 97 20
6351 56 24
6352 64 12
6353 46 83
6354 83 20
6355 100 98
6356 62 66
6357 5 54
6358 90 19
6359 34 50
6360 14 2
6361 33 49
6362 98 1
6363 65 42
6364 12 21
6365 47 29
6366 54 58
6367 20 68
6368 100 2
6369 33 30
6370 92 74
6371 33 19
6372 81 18
6373 36 55
6374 19 27
6375 62 7
6376 22 34
6377 16 90
6378 58 15
6379 18 99
6380 96 66
6381 0 31
6382 53 40
6383 8 88
6384 89 41
6385 80 0
6386 0 90
6387 99 76
6388 30 42
6389 83 24
6390 60 42
6391 47 75
6392 67 84
6393 18 78
6394 98 7
6395 60 8
6396 33 86
6397 93 5
6398 74 13
6399 74 22
6400 61 1
6401 50 20
6402 28 82
6403 67 4
6404 10 55
6405 55 66
6406 71 6
6407 0 33
6408 79 97
6409 17 24
6410 64 82
6411 31 0
6412 15 4
6413 61 26
6414 39 65
6415 42 4
6416 70 30
6417 49 52
6418 17 90
6419 42 91
6420 10 36
6421 54 79
6422 97 78
6423 75 47
6424 54 80
6425 41 49
6426 36 77
6427 23 100
6428 0 96
6429 89 7
6430 56 61
6431 51 71
6432 86 77
6433 97 14
6434 50 54
6435 20 84
6436 52 48
6437 34 55
6438 81 48
6439 85 76
6440 29 64
6441 59 18
6442 43 91
6443 1 57
6444 9 56
6445 6 87
6446 38 86
6447 88 26
6448 49 95
6449 72 40
6450 5 9
6451 36 12
6452 19 39
6453 66 44
6454 69 56
6455 42 40
6456 51 69
6457 53 31
6458 87 62
6459 42 78
6460 26 11
6461 24 80
6462 12 74
6463 71 54
6464 87 53
6465 80 39
6466 65 97
6467 52 43
6468 46 89
6469 12 57
6470 6 88
6471 25 54
6472 21 40
6473 5 71
6474 34 79
6475 89 89
6476 37 12
6477 69 60
6478 40 12
6479 57 29
6480 61 48
6481 18 39
6482 96 52
6483 54 6
6484 34 40
6485 83 85
6486 98 80
6487 61 0
6488 25 60
6489 67 96
6490 43 66
6491 91 18
6492 84 53
6493 12 15
6494 42 76
6495 75 21
6496 37 2
6497 92 34
6498 95 67
6499 85 38
6500 24 34
6501 19 74
6502 16 80
6503 11 73
6504 32 11
6505 12 42
6506 15 40
6507 3 92
6508 26 52
6509 72 25
6510 76 69
6511 42 19
6512 56 4
6513 57 93
6514 83 66
6515 87 24
6516 40 11
6517 34 22
6518 35 0
6519 29 24
6520 92 31
6521 100 15
6522 71 18
6523 79 90
6524 63 34
6525 58 82
6526 94 10
6527 99 44
6528 52 11
6529 15 32
6530 31 14
6531 77 13
6532 54 15
6533 93 9
6534 47 50
6535 62 96
6536 55 97
6537 65 25
6538 18 86
6539 45 12
6540 88 64
6541 5 28
6542 64 24
6543 4 31
6544 12 63
6545 23 30
6546 8 6
6547 37 73
6548 31 48
6549 35 8
6550 91 70
6551 55 84
6552 10 82
6553 26 25
6554 69 37
6555 84 99
6556 18 39
6557 0 69
6558 6 38
6559 23 24
6560 20 41
6561 43 34
6562 12 23
6563 57 85
6564 97 98
6565 71 84
6566 92 62
6567 54 83
6568 100 4
6569 62 75
6570 13 51
6571 25 29
6572 17 7
6573 69 72
6574 15 2
6575 68 97
6576 73 88
6577 49 75
6578 74 59
6579 76 75
6580 41 2
6581 2 70
6582 46 8
6583 41 28
6584 5 80
6585 45 21
6586 62 1
6587 6 46
6588 63 41
6589 49 38
6590 43 80
6591 73 22
6592 84 12
6593 90 63
6594 9 0
6595 64 10
6596 2 89
6597 87 59
6598 61 59
6599 26 9
6600 65 10
6601 84 65
6602 68 10
6603 38 79
6604 67 49
6605 13 1
6606 8 57
6607 61 21
6608 94 40
6609 23 25
6610 12 95
6611 23 60
6612 35 74
6613 17 21
6614 53 18
6615 81 22
6616 88 20
6617 64 45
6618 63 82
6619 38 48
6620 15 60
6621 75 1
6622 35 54
6623 2 23
6624 1 58
6625 39 73
6626 53 14
6627 13 11
6628 0 10
6629 3 74
6630 43 54
6631 92 13
6632 100 84
6633 29 66
6634 9 33
6635 99 55
6636 97 87
6637 22 11
6638 63 68
6639 90 79
6640 10 59
6641 5 89
6642 27 9
6643 14 92
6644 74 6
6645 14 34
6646 76 61
6647 99 33
6648 11 90
6649 27 38
6650 1 60
6651 86 22
6652 86 65
6653 93 62
6654 96 57
6655 0 70
6656 58 100
6657 10 16
6658 36 37
6659 8 71
6660 88 46
6661 82 85
6662 95 89
6663 44 64
6664 90 44
6665 54 79
6666 90 17
6667 61 88
6668 56 98
6669 100 31
6670 56 15
6671 5 64
6672 18 52
6673 1 48
6674 99 27
6675 1 69
6676 34 44
6677 50 49
6678 68 5
6679 52 75
6680 26 18
6681 18 54
6682 54 33
6683 18 17
6684 94 45
6685 100 24
6686 71 34
6687 0 13
6688 92 94
6689 13 77
6690 61 40
6691 23 60
6692 55 68
6693 80 14
6694 73 38
6695 41 79
6696 71 81
6697 22 21
6698 61 97
6699 74 1
6700 25 61
6701 32 10
6702 16 40
6703 45 65
6704 73 62
6705 99 9
6706 74 88
6707 86 39
6708 69 86
6709 44 81
6710 54 37
6711 64 91
6712 58 63
6713 54 10
6714 91 24
6715 58 92
6716 65 29
6717 13 92
6718 15 68
6719 36 1
6720 57 84
6721 83 86
6722 93 30
6723 12 59
6724 57 20
6725 6 49
6726 32 91
6727 97 74
6728 82 40
6729 25 25
6730 10 40
6731 78 13
6732 87 37
6733 20 100
6734 33 52
6735 72 3
6736 29 43
6737 81 10
6738 1 57
6739 40 30
6740 37 41
6741 61 79
6742 49 94
6743 46 88
6744 63 32
6745 12 8
6746 9 52
6747 31 80
6748 36 93
6749 63 100
6750 44 86
6751 14 8
6752 83 53
6753 99 9
6754 95 83
6755 53 53
6756 37 51
6757 44 73
6758 70 56
6759 64 46
6760 76 65
6761 21 63
6762 51 88
6763 23 0
6764 7 66
6765 11 3
6766 46 1
6767 94 84
6768 48 21
6769 36 54
6770 5 9
6771 88 61
6772 83 20
6773 60 32
6774 93 97
6775 20 41
6776 35 9
6777 54 58
6778 0 90
6779 59 86
6780 26 17
6781 86 85
6782 14 51
6783 28 20
6784 19 96
6785 90 3
6786 3 91
6787 96 81
6788 96 88
6789 10 16
6790 25 61
6791 4 46
6792 55 52
6793 88 80
6794 37 10
6795 47 23
6796 76 56
6797 38 97
6798 33 86
6799 95 17
6800 74 27
6801 0 83
6802 18 68
6803 86 29
6804 10 81
6805 78 100
6806 42 38
6807 77 27
6808 98 55
6809 51 81
6810 45 71
6811 93 63
6812 69 98
6813 19 20
6814 89 22
6815 34 52
6816 4 9
6817 78 84
6818 5 20
6819 89 29
6820 97 26
6821 94 19
6822 94 91
6823 92 49
6824 50 95
6825 70 25
6826 50 44
6827 54 65
6828 50 58
6829 36 91
6830 94 54
6831 59 21
6832 54 5
6833 45 63
6834 47 17
6835 65 93
6836 23 36
6837 38 74
6838 78 28
6839 5 46
6840 67 45
6841 68 59
6842 51 21
6843 38 63
6844 99 70
6845 57 43
6846 28 67
6847 56 13
6848 35 73
6849 42 54
6850 64 48
6851 57 40
6852 71 13
6853 36 29
6854 47 41
6855 92 34
6856 15 15
6857 79 100
6858 70 11
6859 80 51
6860 22 45
6861 33 1
6862 1 28
6863 12 72
6864 18 31
6865 81 47
6866 54 98
6867 43 31
6868 30 13
6869 99 42
6870 85 26
6871 63 52
6872 93 24
6873 1 1
6874 77 21
6875 65 94
6876 44 28
6877 19 4
6878 87 94
6879 22 89
6880 17 37
6881 38 56
6882 85 81
6883 40 40
6884 84 28
6885 80 99
6886 92 66
6887 32 56
6888 6 40
6889 13 75
6890 56 95
6891 93 36
6892 80 7
6893 98 92
6894 47 17
6895 18 1
6896 54 8
6897 74 15
6898 57 24
6899 9 96
6900 30 76
6901 84 29
6902 76 11
6903 26 78
6904 35 45
6905 91 81
6906 61 68
6907 17 37
6908 96 73
6909 56 60
6910 33 26
6911 66 5
6912 28 78
6913 79 73
6914 14 53
6915 8 5
6916 28 81
6917 27 66
6918 11 42
6919 39 69
6920 26 19
6921 14 94
6922 67 20
6923 92 68
6924 91 14
6925 61 43
6926 26 45
6927 4 74
6928 15 32
6929 7 39
6930 2 96
6931 47 95
6932 49 71
6933 52 52
6934 31 49
6935 60 40
6936 93 46
6937 63 12
6938 28 5
6939 47 83
6940 56 3
6941 60 39
6942 30 32
6943 2 31
6944 77 48
6945 26 83
6946 12 27
6947 68 93
6948 32 8
6949 7 59
6950 15 65
6951 68 78
6952 59 37
6953 40 25
6954 84 51
6955 84 81
6956 36 41
6957 9 43
6958 54 61
6959 9 82
6960 96 15
6961 58 88
6962 26 29
6963 86 66
6964 40 30
6965 19 3
6966 57 65
6967 4 80
6968 54 98
6969 52 24
6970 77 70
6971 57 79
6972 42 35
6973 11 91
6974 21 76
6975 5 13
6976 26 89
6977 32 35
6978 50 53
6979 80 89
6980 90 46
6981 17 57
6982 69 63
6983 79 40
6984 36 52
6985 0 26
6986 65 23
6987 87 37
6988 46 25
6989 18 70
6990 20 34
6991 83 37
6992 87 27
6993 22 47
6994 47 57
6995 12 33
6996 7 53
6997 44 94
6998 9 38
6999 44 20
7000 31 26
7001 70 93
7002 99 66
7003 47 8
7004 96 83
7005 86 9
7006 65 24
7007 73 89
7008 96 40
7009 33 7
7010 81 81
7011 7 77
7012 15 61
7013 16 41
7014 14 53
7015 38 87
7016 13 9
7017 54 6
7018 8 80
7019 93 10
7020 63 9
7021 9 61
7022 22 84
7023 3 67
7024 11 12
7025 18 15
7026 77 64
7027 75 27
7028 84 80
7029 80 76
7030 23 34
7031 15 74
7032 2 80
7033 51 78
7034 88 87
7035 93 85
7036 76 34
7037 43 44
7038 94 28
7039 82 57
7040 81 79
7041 58 38
7042 27 93
7043 48 2
7044 5 50
7045 54 49
7046 98 38
7047 7 23
7048 14 86
7049 64 48
7050 66 61
7051 63 18
7052 96 36
7053 14 28
7054 99 99
7055 17 53
7056 68 80
7057 78 14
7058 33 51
7059 19 14
7060 95 62
7061 99 68
7062 86 43
7063 61 73
7064 0 87
7065 23 19
7066 73 68
7067 98 49
7068 72 59
7069 59 4
7070 3 17
7071 66 79
7072 97 32
7073 92 13
7074 54 61
7075 79 80
7076 93 79
7077 14 80
7078 25 80
7079 90 74
7080 98 14
7081 93 1
7082 38 61
7083 83 60
7084 89 35
7085 63 82
7086 51 70
7087 79 74
7088 41 63
7089 72 17
7090 77 32
7091 33 40
7092 9 38
7093 69 74
7094 30 11
7095 48 62
7096 28 19
7097 27 71
7098 89 30
7099 50 24
7100 33 66
7101 47 81
7102 92 10
7103 95 8
7104 5 49
7105 19 84
7106 84 92
7107 99 30
7108 58 47
7109 33 28
7110 85 47
7111 37 38
7112 26 95
7113 66 25
7114 53 71
7115 61 33
7116 54 59
7117 96 36
7118 77 56
7119 9 39
7120 50 35
7121 69 30
7122 78 14
7123 62 36
7124 3 33
7125 17 75
7126 45 34
7127 55 0
7128 36 31
7129 4 62
7130 51 9
7131 93 26
7132 70 89
7133 38 47
7134 77 86
7135 38 39
7136 32 97
7137 72 92
7138 48 78
7139 11 9
7140 5 1
7141 52 40
7142 5 12
7143 47 90
7144 29 94
7145 31 43
7146 80 35
7147 51 95
7148 47 41
7149 60 10
7150 58 88
7151 2 18
7152 83 88
7153 8 0
7154 5 73
7155 37 77
7156 42 83
7157 9 43
7158 99 6
7159 44 90
7160 44 43
7161 71 91
7162 89 61
7163 58 90
7164 20 46
7165 51 41
7166 33 83
7167 32 100
7168 47 27
7169 79 63
7170 79 64
7171 30 10
7172 41 61
7173 91 76
7174 71 68
7175 84 68
7176 22 44
7177 18 7
7178 15 8
7179 68 27
7180 46 37
7181 44 22
7182 15 12
7183 34 42
7184 77 54
7185 43 85
7186 52 7
7187 72 29
7188 23 56
7189 0 39
7190 27 100
7191 58 9
7192 97 21
7193 9 85
7194 4 83
7195 74 43
7196 68 45
7197 16 60
7198 31 0
7199 69 41
7200 17 52
7201 6 74
7202 61 48
7203 43 53
7204 68 93
7205 30 53
7206 61 91
7207 28 77
7208 82 45
7209 90 45
7210 48 2
7211 77 78
7212 22 12
7213 97 24
7214 6 58
7215 79 38
7216 69 72
7217 81 31
7218 39 39
7219 13 13
7220 26 33
7221 13 77
7222 100 30
7223 54 17
7224 40 66
7225 14 79
7226 24 91
7227 37 18
7228 92 97
7229 28 3
7230 61 58
7231 41 92
7232 19 81
7233 39 49
7234 94 9
7235 0 2
7236 94 90
7237 50 83
7238 6 21
7239 8 94
7240 11 47
7241 92 79
7242 3 90
7243 74 88
7244 11 45
7245 16 89
7246 99 48
7247 78 55
7248 71 0
7249 18 25
7250 64 9
7251 38 4
7252 3 71
7253 80 76
7254 43 43
7255 61 21
7256 4 66
7257 82 81
7258 29 54
7259 76 42
7260 85 0
7261 98 67
7262 3 41
7263 81 92
7264 35 83
7265 4 44
7266 86 15
7267 34 25
7268 58 73
7269 18 99
7270 61 52
7271 79 27
7272 24 75
7273 59 35
7274 18 84
7275 98 13
7276 83 97
7277 70 23
7278 68 13
7279 36 47
7280 94 54
7281 55 64
7282 34 87
7283 2 99
7284 76 44
7285 81 76
7286 74 79
7287 80 81
7288 2 0
7289 51 13
7290 22 81
7291 82 47
7292 58 97
7293 27 73
7294 21 65
7295 25 38
7296 40 79
7297 41 99
7298 36 71
7299 57 23
7300 67 37
7301 21 1
7302 8 18
7303 52 35
7304 10 76
7305 49 52
7306 54 11
7307 29 4
7308 85 21
7309 63 49
7310 56 24
7311 1 92
7312 44 97
7313 55 47
7314 13 56
7315 93 94
7316 31 37
7317 54 12
7318 28 70
7319 21 67
7320 21 89
7321 88 78
7322 11 74
7323 85 44
7324 62 85
7325 33 50
7326 62 83
7327 63 60
7328 63 14
7329 95 47
7330 100 20
7331 92 83
7332 70 29
7333 25 99
7334 18 81
7335 84 76
7336 20 32
7337 25 22
7338 97 16
7339 88 70
7340 62 71
7341 44 96
7342 74 67
7343 5 33
7344 96 13
7345 71 20
7346 31 85
7347 49 58
7348 87 57
7349 0 18
7350 34 84
7351 80 4
7352 9 56
7353 67 90
7354 33 70
7355 20 65
7356 27 36
7357 31 16
7358 32 81
7359 98 14
7360 95 91
7361 18 44
7362 37 68
7363 35 46
7364 24 13
7365 47 27
7366 86 20
7367 98 61
7368 28 82
7369 23 54
7370 0 46
7371 87 42
7372 87 57
7373 9 90
7374 100 68
7375 15 74
7376 59 87
7377 79 21
7378 12 10
7379 48 81
7380 35 99
7381 16 44
7382 68 54
7383 87 67
7384 19 67
7385 45 82
7386 54 3
7387 99 79
7388 42 83
7389 33 79
7390 51 71
7391 59 1
7392 16 87
7393 60 97
7394 100 68
7395 77 18
7396 60 81
7397 11 81
7398 32 52
7399 49 11
7400 68 9
7401 75 63
7402 6 89
7403 29 1
7404 73 38
7405 79 11
7406 58 29
7407 61 36
7408 26 95
7409 16 64
7410 50 14
7411 82 85
7412 40 37
7413 53 66
7414 28 82
7415 28 60
7416 10 25
7417 67 39
7418 30 29
7419 25 9
7420 95 61
7421 87 31
7422 53 98
7423 38 80
7424 33 91
7425 77 83
7426 7 63
7427 56 73
7428 11 69
7429 9 3
7430 67 19
7431 22 5
7432 42 87
7433 12 10
7434 78 34
7435 96 94
7436 30 6
7437 97 6
7438 64 18
7439 9 66
7440 69 99
7441 79 15
7442 17 20
7443 60 31
7444 31 22
7445 63 32
7446 25 52
7447 97 99
7448 82 55
7449 13 4
7450 10 44
7451 75 21
7452 13 2
7453 53 18
7454 49 36
7455 90 51
7456 27 23
7457 44 66
7458 75 44
7459 46 47
7460 95 73
7461 27 78
7462 60 85
7463 40 66
7464 69 85
7465 9 59
7466 59 28
7467 25 25
7468 70 22
7469 50 25
7470 37 62
7471 12 82
7472 21 79
7473 8 77
7474 25 27
7475 56 16
7476 65 81
7477 48 65
7478 26 87
7479 72 15
7480 24 88
7481 98 12
7482 66 98
7483 51 41
7484 35 80
7485 97 52
7486 35 57
7487 62 48
7488 40 1
7489 94 41
7490 0 32
7491 15 66
7492 70 12
7493 44 6
7494 37 69
7495 17 25
7496 93 14
7497 68 81
7498 22 59
7499 2 39
7500 67 63
7501 28 8
7502 12 25
7503 34 33
7504 82 12
7505 52 91
7506 24 97
7507 93 2
7508 34 73
7509 52 81
7510 88 14
7511 59 65
7512 88 31
7513 19 96
7514 98 28
7515 96 76
7516 50 69
7517 63 74
7518 71 3
7519 100 43
7520 42 25
7521 12 85
7522 44 95
7523 10 87
7524 42 25
7525 53 20
7526 76 80
7527 0 7
7528 0 79
7529 69 19
7530 14 19
7531 35 94
7532 21 84
7533 64 43
7534 2 98
7535 17 12
7536 82 38
7537 6 54
7538 19 36
7539 21 42
7540 2 23
7541 93 79
7542 28 49
7543 3 88
7544 52 85
7545 86 24
7546 68 98
7547 70 32
7548 75 69
7549 20 79
7550 14 47
7551 69 50
7552 56 36
7553 78 79
7554 3 56
7555 86 17
7556 34 56
7557 89 66
7558 78 44
7559 85 31
7560 49 29
7561 89 55
7562 57 22
7563 71 27
7564 0 25
7565 59 78
7566 72 95
7567 82 23
7568 19 42
7569 25 74
7570 35 70
7571 39 12
7572 78 62
7573 18 45
7574 97 79
7575 94 22
7576 44 41
7577 57 42
7578 4 96
7579 88 8
7580 88 36
7581 13 50
7582 32 0
7583 36 40
7584 81 21
7585 2 50
7586 86 62
7587 94 93
7588 55 34
7589 65 46
7590 96 64
7591 33 69
7592 3 9
7593 93 78
7594 46 80
7595 22 72
7596 22 88
7597 34 11
7598 19 4
7599 79 52
7600 15 13
7601 28 45
7602 11 81
7603 41 20
7604 20 7
7605 68 52
7606 51 51
7607 89 74
7608 72 3
7609 70 67
7610 46 22
7611 50 57
7612 31 84
7613 77 6
7614 26 10
7615 74 68
7616 53 0
7617 8 75
7618 46 70
7619 32 94
7620 73 31
7621 85 33
7622 99 78
7623 65 52
7624 90 100
7625 7 40
7626 88 65
7627 1 17
7628 51 77
7629 93 62
7630 38 57
7631 48 55
7632 37 85
7633 17 64
7634 77 47
7635 51 25
7636 26 55
7637 18 39
7638 85 74
7639 46 74
7640 7 92
7641 39 38
7642 34 95
7643 50 13
7644 45 84
7645 46 64
7646 67 70
7647 97 64
7648 85 31
7649 3 45
7650 24 77
7651 100 54
7652 20 43
7653 38 55
7654 62 99
7655 29 100
7656 36 39
7657 51 63
7658 20 17
7659 99 59
7660 7 8
7661 71 20
7662 31 49
7663 19 28
7664 59 10
7665 30 4
7666 42 81
7667 1 61
7668 62 32
7669 50 41
7670 43 10
7671 15 16
7672 49 24
7673 70 64
7674 2 51
7675 40 75
7676 61 68
7677 19 84
7678 56 86
7679 53 38
7680 37 23
7681 66 31
7682 16 76
7683 79 43
7684 5 38
7685 26 39
7686 2 45
7687 46 33
7688 44 55
7689 9 33
7690 0 44
7691 32 80
7692 89 93
7693 71 29
7694 63 40
7695 96 2
7696 59 9
7697 90 43
7698 9 41
7699 8 30
7700 73 1
7701 48 78
7702 97 75
7703 46 60
7704 62 30
7705 99 77
7706 42 26
7707 29 26
7708 57 94
7709 10 80
7710 83 55
7711 26 17
7712 6 50
7713 13 11
7714 97 80
7715 40 79
7716 20 28
7717 31 84
7718 40 67
7719 53 55
7720 98 81
7721 21 11
7722 73 65
7723 63 52
7724 80 60
7725 74 13
7726 55 30
7727 61 46
7728 16 87
7729 68 83
7730 93 0
7731 36 18
7732 81 14
7733 24 62
7734 80 8
7735 74 42
7736 86 24
7737 82 49
7738 50 28
7739 22 73
7740 26 98
7741 44 82
7742 2 61
7743 86 63
7744 44 23
7745 85 53
7746 12 26
7747 37 86
7748 44 35
7749 17 50
7750 98 94
7751 5 8
7752 99 93
7753 65 81
7754 79 46
7755 70 35
7756 29 53
7757 53 46
7758 11 87
7759 41 51
7760 17 79
7761 25 34
7762 20 80
7763 3 64
7764 53 23
7765 63 23
7766 19 61
7767 43 72
7768 42 89
7769 24 48
7770 20 10
7771 90 55
7772 49 28
7773 19 59
7774 21 45
7775 0 72
7776 25 55
7777 59 12
7778 90 37
7779 63 48
7780 22 28
7781 20 4
7782 10 32
7783 51 76
7784 79 98
7785 91 25
7786 70 16
7787 30 49
7788 97 99
7789 65 85
7790 26 48
7791 75 24
7792 70 98
7793 50 17
7794 79 18
7795 57 50
7796 99 1
7797 41 6
7798 5 59
7799 60 37
7800 9 80
7801 5 52
7802 21 45
7803 82 8
7804 30 59
7805 87 49
7806 6 74
7807 11 27
7808 17 71
7809 99 41
7810 49 25
7811 35 23
7812 24 43
7813 79 0
7814 51 5
7815 66 57
7816 50 6
7817 88 24
7818 84 76
7819 58 47
7820 93 72
7821 2 58
7822 76 31
7823 81 76
7824 69 53
7825 71 25
7826 71 22
7827 45 37
7828 13 40
7829 28 11
7830 21 26
7831 40 80
7832 5 15
7833 42 90
7834 64 15
7835 57 60
7836 49 65
7837 67 49
7838 53 76
7839 82 3
7840 9 2
7841 28 24
7842 36 66
7843 10 72
7844 40 69
7845 45 49
7846 30 88
7847 84 46
7848 48 8
7849 39 51
7850 31 42
7851 8 13
7852 22 92
7853 41 48
7854 8 22
7855 86 27
7856 7 63
7857 22 30
7858 37 57
7859 82 87
7860 56 55
7861 22 60
7862 69 66
7863 57 8
7864 41 48
7865 8 35
7866 63 91
7867 57 84
7868 20 32
7869 83 11
7870 51 36
7871 87 21
7872 93 44
7873 84 83
7874 73 66
7875 38 85
7876 57 50
7877 85 49
7878 83 89
7879 32 66
7880 33 35
7881 40 99
7882 100 5
7883 46 41
7884 37 86
7885 27 14
7886 37 24
7887 91 45
7888 54 26
7889 46 18
7890 66 29
7891 29 21
7892 43 28
7893 90 77
7894 13 11
7895 7 40
7896 76 54
7897 55 42
7898 34 57
7899 39 81
7900 99 100
7901 63 4
7902 21 42
7903 6 19
7904 30 41
7905 84 17
7906 77 62
7907 96 15
7908 28 20
7909 45 3
7910 36 37
7911 78 53
7912 73 60
7913 84 28
7914 42 24
7915 62 89
7916 81 78
7917 88 37
7918 98 83
7919 56 17
7920 77 18
7921 79 30
7922 49 31
7923 60 86
7924 57 44
7925 53 75
7926 75 83
7927 39 49
7928 45 10
7929 27 30
7930 36 4
7931 44 100
7932 78 64
7933 51 82
7934 94 98
7935 11 18
7936 86 94
7937 53 94
7938 95 84
7939 49 99
7940 51 79
7941 32 15
7942 27 72
7943 25 80
7944 57 76
7945 83 43
7946 28 37
7947 74 48
7948 72 14
7949 8 48
7950 34 37
7951 93 52
7952 59 94
7953 18 80
7954 13 77
7955 53 28
7956 7 46
7957 66 100
7958 100 3
7959 20 53
7960 44 52
7961 26 74
7962 39 34
7963 28 2
7964 77 98
7965 3 6
7966 96 79
7967 75 36
7968 80 76
7969 53 52
7970 82 92
7971 92 99
7972 0 90
7973 0 87
7974 96 28
7975 24 91
7976 73 92
7977 19 73
7978 41 58
7979 49 14
7980 30 2
7981 38 3
7982 33 29
7983 69 71
7984 20 5
7985 94 68
7986 76 96
7987 31 94
7988 35 26
7989 0 100
7990 65 55
7991 97 12
7992 17 36
7993 22 94
7994 1 44
7995 31 16
7996 5 89
7997 65 72
7998 59 15
7999 46 91
EOF
