NODE_COORD_SECTION
0 50 50
1 51 44
2 29 13
3 57 35
4 74 15
5 10 91
6 90 70
7 9 31
8 1 84
9 0 5
10 28 92
11 62 3
12 56 74
13 79 96
14 39 80
15 13 13
16 86 54
17 94 53
18 95 88
19 72 41
20 90 93
21 80 24
22 70 9
23 35 46
24 12 81
25 91 70
26 3 85
27 52 75
28 37 87
29 85 9
30 18 49
31 87 72
32 97 73
33 52 83
34 31 7
35 73 83
36 21 32
37 4 62
38 0 93
39 11 78
40 15 41
41 62 22
42 55 25
43 2 92
44 18 64
45 14 86
46 70 39
47 45 72
48 8 25
49 77 91
50 92 25
51 37 58
52 3 41
53 43 52
54 48 77
55 16 86
56 86 63
57 1 48
58 12 97
59 28 74
60 96 64
61 99 83
62 94 2
63 80 82
64 77 75
65 18 73
66 56 96
67 35 52
68 76 5
69 21 23
70 18 62
71 23 27
72 21 93
73 26 28
74 73 19
75 79 31
76 59 6
77 51 22
78 36 41
79 62 49
80 47 97
81 66 55
82 94 48
83 4 39
84 19 20
85 44 36
86 96 6
87 77 60
88 49 66
89 73 83
90 92 19
91 89 69
92 61 71
93 66 14
94 98 90
95 23 45
96 81 47
97 34 24
98 87 11
99 85 87
EOF
