NODE_COORD_SECTION
0 50 50
1 94 35
2 66 30
3 61 77
4 61 75
5 82 16
6 64 78
7 68 62
8 42 92
9 14 24
10 73 92
11 9 0
12 28 70
13 70 32
14 55 31
15 73 45
16 82 14
17 42 96
18 23 44
19 25 17
20 11 11
21 16 100
22 8 4
23 23 89
24 30 18
25 27 82
26 77 74
27 50 2
28 36 37
29 87 87
30 5 45
31 89 82
32 70 48
33 18 67
34 38 61
35 52 97
36 77 58
37 41 20
38 63 41
39 36 33
40 76 13
41 57 58
42 17 99
43 19 41
44 64 4
45 26 24
46 28 8
47 88 25
48 97 20
49 4 16
50 41 12
51 29 6
52 76 10
53 68 32
54 46 9
55 81 84
56 51 73
57 20 8
58 48 36
59 13 50
60 88 58
61 88 26
62 72 16
63 4 97
64 69 100
65 86 87
66 81 3
67 29 53
68 23 13
69 80 43
70 91 82
71 74 42
72 93 86
73 94 2
74 38 23
75 31 64
76 62 69
77 26 59
78 96 98
79 65 1
80 85 1
81 55 73
82 88 78
83 18 36
84 49 63
85 85 3
86 70 48
87 95 84
88 100 61
89 41 30
90 91 91
91 77 48
92 72 8
93 95 75
94 0 45
95 94 38
96 75 7
97 77 91
98 49 68
99 46 89
100 48 70
101 65 82
102 25 7
103 14 88
104 34 13
105 94 64
106 65 26
107 98 98
108 28 84
109 27 16
110 86 50
111 87 3
112 97 46
113 64 70
114 12 46
115 53 55
116 44 64
117 92 64
118 17 16
119 29 27
120 17 56
121 5 31
122 86 47
123 23 82
124 94 62
125 48 86
126 7 59
127 49 48
128 32 63
129 96 29
130 58 2
131 51 83
132 81 34
133 48 63
134 8 8
135 84 86
136 98 59
137 63 90
138 62 52
139 79 54
140 44 15
141 35 69
142 23 65
143 75 20
144 59 71
145 92 18
146 17 4
147 0 59
148 42 69
149 50 43
150 79 2
151 89 25
152 89 29
153 64 13
154 16 38
155 25 72
156 78 6
157 4 26
158 65 57
159 47 73
160 97 45
161 18 2
162 52 88
163 80 84
164 54 96
165 53 90
166 27 20
167 94 80
168 6 91
169 22 30
170 30 10
171 62 25
172 0 9
173 24 61
174 35 43
175 42 11
176 52 51
177 7 75
178 51 66
179 98 86
180 32 56
181 78 45
182 2 27
183 44 1
184 89 75
185 45 95
186 67 90
187 42 33
188 17 37
189 63 18
190 38 47
191 64 78
192 68 62
193 94 79
194 43 18
195 98 46
196 45 61
197 20 4
198 97 52
199 88 78
200 26 84
201 21 100
202 36 86
203 72 28
204 20 34
205 98 41
206 44 56
207 3 53
208 62 13
209 85 50
210 58 92
211 47 86
212 19 19
213 66 4
214 59 30
215 59 58
216 95 91
217 43 35
218 89 96
219 83 57
220 55 82
221 87 63
222 50 2
223 68 80
224 13 34
225 60 74
226 0 5
227 34 70
228 31 91
229 52 45
230 22 23
231 7 96
232 74 93
233 58 64
234 25 85
235 78 22
236 42 37
237 85 87
238 29 24
239 4 47
240 7 13
241 42 20
242 6 55
243 15 1
244 51 91
245 2 58
246 61 32
247 82 38
248 49 87
249 27 4
250 65 18
251 13 39
252 50 73
253 69 32
254 66 33
255 95 98
256 88 55
257 24 74
258 30 13
259 32 23
260 23 1
261 44 79
262 42 72
263 29 99
264 10 98
265 15 62
266 14 84
267 95 80
268 60 0
269 30 22
270 79 66
271 21 41
272 46 71
273 67 98
274 73 99
275 79 57
276 84 98
277 74 68
278 33 64
279 35 39
280 11 64
281 65 60
282 3 58
283 6 45
284 36 99
285 57 26
286 31 83
287 47 5
288 67 77
289 67 19
290 37 29
291 24 35
292 21 84
293 42 3
294 45 70
295 57 94
296 59 2
297 77 22
298 48 8
299 43 84
300 26 58
301 8 55
302 81 69
303 26 11
304 97 89
305 52 18
306 44 5
307 6 70
308 90 97
309 70 57
310 90 79
311 47 82
312 33 18
313 37 96
314 83 18
315 71 97
316 77 94
317 61 10
318 78 51
319 79 84
320 38 31
321 41 41
322 45 46
323 56 43
324 40 77
325 6 59
326 3 90
327 59 39
328 30 4
329 84 56
330 50 93
331 35 14
332 74 75
333 48 5
334 87 12
335 82 6
336 3 62
337 96 36
338 99 11
339 6 34
340 13 92
341 62 80
342 10 59
343 49 69
344 64 31
345 48 68
346 48 30
347 12 75
348 61 10
349 5 25
350 71 36
351 61 34
352 28 48
353 73 73
354 61 57
355 58 93
356 70 52
357 28 76
358 43 97
359 30 95
360 20 71
361 41 73
362 21 62
363 10 81
364 28 27
365 25 64
366 0 89
367 81 55
368 43 73
369 58 19
370 85 61
371 96 27
372 74 34
373 82 74
374 68 93
375 18 91
376 65 33
377 64 23
378 84 87
379 47 65
380 35 55
381 1 58
382 81 8
383 48 54
384 95 28
385 21 59
386 25 88
387 6 5
388 61 97
389 23 61
390 20 50
391 67 12
392 89 6
393 41 48
394 72 20
395 54 22
396 48 64
397 92 38
398 55 3
399 59 34
400 36 50
401 56 63
402 31 9
403 78 19
404 98 43
405 28 23
406 12 37
407 4 80
408 21 95
409 17 96
410 14 62
411 36 50
412 0 64
413 44 6
414 0 71
415 0 40
416 35 82
417 36 68
418 74 100
419 70 41
420 71 16
421 0 74
422 15 26
423 26 57
424 76 78
425 28 4
426 8 23
427 73 14
428 33 14
429 64 40
430 47 46
431 67 41
432 13 2
433 64 3
434 50 82
435 25 47
436 1 79
437 12 12
438 46 92
439 47 42
440 62 69
441 99 35
442 45 30
443 75 96
444 55 29
445 37 68
446 48 62
447 21 89
448 53 9
449 59 25
450 72 6
451 22 34
452 86 49
453 53 46
454 95 15
455 58 92
456 79 42
457 32 76
458 68 82
459 9 16
460 33 25
461 36 93
462 89 96
463 62 22
464 40 69
465 35 10
466 94 89
467 28 41
468 9 37
469 22 94
470 1 32
471 37 1
472 30 87
473 62 20
474 42 79
475 26 24
476 42 68
477 37 27
478 31 89
479 81 55
480 71 10
481 37 58
482 51 85
483 25 48
484 52 45
485 74 43
486 19 3
487 6 28
488 40 38
489 48 65
490 22 52
491 61 55
492 30 17
493 55 16
494 59 45
495 41 8
496 8 13
497 52 2
498 31 47
499 65 52
500 40 69
501 28 69
502 3 29
503 5 37
504 37 46
505 89 28
506 29 11
507 49 1
508 41 25
509 66 16
510 48 49
511 99 65
512 44 96
513 71 29
514 20 17
515 51 29
516 31 71
517 61 87
518 7 12
519 61 82
520 15 29
521 6 88
522 43 19
523 37 47
524 20 38
525 32 41
526 13 52
527 0 81
528 47 97
529 19 68
530 99 85
531 10 61
532 6 48
533 93 81
534 26 91
535 62 94
536 24 96
537 38 18
538 61 39
539 26 50
540 53 4
541 43 36
542 61 87
543 12 49
544 80 52
545 67 53
546 75 25
547 38 10
548 15 27
549 28 81
550 36 49
551 25 43
552 54 37
553 23 12
554 50 18
555 76 82
556 85 47
557 44 48
558 99 85
559 28 95
560 75 92
561 9 87
562 95 88
563 20 1
564 46 27
565 35 12
566 38 76
567 80 57
568 37 47
569 8 54
570 16 23
571 92 3
572 14 71
573 90 53
574 36 51
575 54 21
576 54 98
577 76 79
578 95 24
579 17 50
580 8 63
581 72 75
582 34 27
583 50 55
584 86 77
585 81 100
586 55 57
587 17 55
588 30 4
589 58 82
590 25 99
591 96 37
592 37 18
593 77 63
594 53 5
595 70 99
596 47 61
597 65 14
598 13 84
599 37 21
600 69 62
601 50 82
602 38 63
603 28 3
604 52 59
605 89 12
606 32 36
607 36 21
608 95 90
609 78 58
610 89 93
611 95 51
612 92 70
613 80 73
614 65 95
615 73 32
616 79 46
617 88 98
618 54 35
619 84 66
620 27 9
621 69 6
622 85 61
623 66 55
624 94 23
625 93 67
626 2 66
627 34 56
628 97 69
629 68 5
630 85 87
631 86 78
632 68 79
633 91 27
634 9 31
635 25 71
636 9 47
637 2 71
638 75 72
639 14 87
640 40 15
641 48 54
642 96 15
643 28 67
644 22 12
645 44 84
646 98 60
647 70 96
648 43 48
649 66 40
650 74 80
651 3 58
652 5 24
653 81 62
654 59 69
655 82 42
656 46 59
657 46 62
658 33 52
659 88 24
660 55 79
661 74 25
662 65 21
663 24 51
664 20 100
665 74 26
666 80 85
667 85 91
668 59 84
669 59 81
670 23 68
671 51 61
672 1 93
673 4 88
674 60 84
675 97 0
676 4 30
677 32 23
678 85 14
679 86 16
680 65 33
681 66 74
682 60 10
683 75 66
684 94 94
685 80 95
686 50 16
687 2 2
688 74 22
689 98 9
690 54 54
691 7 27
692 22 52
693 74 78
694 80 10
695 23 82
696 54 71
697 26 84
698 40 54
699 61 2
700 68 96
701 7 88
702 30 19
703 66 4
704 52 69
705 20 100
706 5 95
707 95 36
708 4 72
709 90 7
710 99 76
711 76 39
712 31 77
713 7 96
714 17 63
715 71 0
716 56 59
717 61 48
718 88 27
719 25 44
720 55 54
721 61 57
722 25 29
723 47 29
724 44 20
725 73 66
726 16 96
727 43 10
728 26 46
729 75 41
730 8 63
731 77 46
732 86 17
733 82 23
734 83 70
735 53 41
736 49 52
737 12 92
738 67 66
739 32 84
740 99 53
741 71 41
742 0 28
743 93 4
744 5 82
745 76 7
746 69 92
747 15 49
748 79 40
749 40 73
750 18 47
751 46 100
752 40 10
753 95 13
754 14 56
755 6 25
756 74 61
757 64 58
758 60 58
759 52 23
760 99 49
761 7 21
762 97 34
763 70 0
764 70 65
765 67 38
766 66 7
767 44 87
768 84 30
769 93 15
770 32 23
771 19 3
772 3 15
773 97 57
774 66 80
775 43 75
776 100 38
777 32 100
778 13 17
779 68 91
780 72 12
781 63 9
782 70 93
783 19 99
784 2 63
785 61 16
786 49 21
787 41 56
788 77 79
789 36 82
790 58 79
791 49 27
792 24 97
793 55 77
794 21 54
795 9 50
796 30 13
797 96 4
798 69 55
799 3 11
800 1 60
801 79 23
802 76 61
803 92 26
804 6 73
805 42 60
806 82 50
807 82 41
808 7 99
809 57 73
810 71 49
811 34 38
812 83 69
813 18 39
814 84 32
815 22 99
816 50 71
817 22 37
818 25 37
819 100 43
820 34 93
821 56 61
822 49 23
823 74 16
824 38 97
825 93 93
826 25 32
827 6 11
828 33 50
829 9 29
830 47 15
831 69 65
832 8 49
833 92 80
834 13 49
835 100 96
836 23 75
837 44 69
838 61 89
839 12 39
840 6 38
841 21 31
842 62 2
843 38 37
844 70 33
845 44 85
846 72 44
847 88 37
848 64 93
849 50 55
850 14 72
851 15 65
852 32 76
853 51 23
854 0 36
855 42 4
856 68 99
857 9 55
858 3 49
859 94 89
860 99 2
861 100 44
862 43 19
863 13 39
864 14 96
865 70 36
866 34 17
867 58 50
868 9 0
869 1 24
870 36 79
871 52 53
872 5 57
873 65 85
874 33 60
875 63 41
876 72 18
877 83 41
878 38 13
879 65 26
880 44 7
881 34 71
882 76 47
883 72 3
884 74 62
885 42 38
886 90 3
887 89 73
888 77 85
889 59 54
890 31 51
891 84 42
892 41 13
893 49 68
894 98 53
895 72 17
896 67 3
897 1 7
898 37 37
899 1 57
900 58 100
901 37 63
902 50 96
903 92 59
904 40 22
905 54 51
906 13 83
907 43 87
908 74 65
909 83 50
910 52 28
911 42 43
912 21 32
913 73 10
914 47 31
915 58 58
916 48 49
917 13 16
918 9 25
919 0 16
920 69 34
921 20 69
922 93 23
923 73 15
924 64 55
925 98 55
926 23 67
927 18 87
928 99 40
929 80 2
930 66 56
931 45 93
932 93 0
933 48 31
934 1 46
935 39 62
936 0 18
937 8 94
938 84 60
939 14 16
940 52 27
941 63 26
942 53 82
943 41 69
944 81 45
945 5 31
946 49 96
947 66 0
948 70 12
949 30 50
950 30 81
951 69 67
952 83 54
953 63 13
954 15 20
955 92 6
956 90 30
957 93 71
958 41 39
959 71 16
960 80 58
961 100 31
962 27 99
963 48 75
964 1 94
965 28 85
966 30 42
967 42 24
968 27 49
969 7 2
970 20 51
971 82 54
972 67 68
973 79 52
974 16 82
975 77 73
976 71 45
977 57 92
978 74 34
979 12 64
980 57 92
981 19 62
982 14 44
983 21 66
984 42 76
985 89 32
986 18 60
987 20 19
988 20 63
989 96 80
990 63 62
991 96 42
992 84 89
993 46 90
994 25 10
995 76 28
996 87 45
997 42 36
998 7 48
999 95 62
1000 66 90
1001 20 16
1002 77 25
1003 10 1
1004 36 48
1005 62 52
1006 94 43
1007 0 52
1008 69 34
1009 85 92
1010 45 91
1011 11 94
1012 57 53
1013 93 7
1014 87 53
1015 23 59
1016 56 16
1017 96 2
1018 51 29
1019 2 61
1020 8 29
1021 17 34
1022 78 85
1023 34 44
1024 37 57
1025 99 4
1026 76 65
1027 15 37
1028 63 54
1029 85 21
1030 90 85
1031 86 10
1032 95 83
1033 38 71
1034 25 9
1035 9 65
1036 9 91
1037 60 18
1038 85 77
1039 2 30
1040 24 83
1041 47 97
1042 6 10
1043 93 53
1044 77 22
1045 43 48
1046 55 19
1047 81 39
1048 95 70
1049 66 4
1050 39 60
1051 78 0
1052 38 72
1053 41 87
1054 75 69
1055 53 95
1056 74 74
1057 12 9
1058 29 84
1059 14 40
1060 50 55
1061 83 77
1062 45 79
1063 73 1
1064 86 42
1065 13 92
1066 88 9
1067 73 97
1068 10 6
1069 10 52
1070 62 16
1071 13 55
1072 53 97
1073 72 29
1074 93 62
1075 45 26
1076 63 22
1077 22 19
1078 88 14
1079 50 93
1080 25 76
1081 87 34
1082 11 47
1083 59 58
1084 99 61
1085 61 68
1086 68 96
1087 73 7
1088 94 82
1089 30 57
1090 26 58
1091 17 24
1092 42 90
1093 7 99
1094 12 42
1095 11 85
1096 79 3
1097 53 99
1098 21 87
1099 96 63
1100 47 43
1101 61 88
1102 34 91
1103 11 74
1104 1 90
1105 57 67
1106 37 60
1107 78 8
1108 20 5
1109 50 52
1110 63 22
1111 15 76
1112 37 20
1113 43 14
1114 40 21
1115 0 72
1116 72 34
1117 31 11
1118 59 35
1119 42 46
1120 80 93
1121 36 37
1122 80 33
1123 18 25
1124 75 36
1125 59 36
1126 100 67
1127 83 86
1128 43 76
1129 64 40
1130 24 85
1131 5 77
1132 53 90
1133 100 58
1134 71 47
1135 89 72
1136 38 30
1137 98 55
1138 12 76
1139 33 50
1140 22 35
1141 78 57
1142 88 87
1143 98 11
1144 98 54
1145 30 15
1146 19 58
1147 65 30
1148 28 22
1149 47 71
1150 97 4
1151 57 29
1152 84 94
1153 28 55
1154 4 100
1155 59 25
1156 46 17
1157 59 57
1158 3 61
1159 80 23
1160 46 82
1161 27 28
1162 79 41
1163 5 40
1164 0 86
1165 71 74
1166 68 88
1167 50 6
1168 70 67
1169 24 11
1170 46 83
1171 47 43
1172 33 46
1173 96 98
1174 60 93
1175 39 79
1176 22 64
1177 23 22
1178 40 31
1179 63 2
1180 19 70
1181 33 51
1182 74 99
1183 76 43
1184 100 10
1185 19 66
1186 96 22
1187 8 16
1188 96 96
1189 61 26
1190 80 41
1191 55 21
1192 34 62
1193 40 87
1194 92 38
1195 57 66
1196 47 92
1197 32 85
1198 86 85
1199 59 2
1200 60 38
1201 39 85
1202 67 53
1203 100 97
1204 38 46
1205 58 0
1206 70 68
1207 77 50
1208 64 39
1209 16 17
1210 14 18
1211 43 84
1212 44 16
1213 14 4
1214 49 46
1215 72 4
1216 52 38
1217 87 27
1218 80 64
1219 47 89
1220 17 30
1221 23 59
1222 31 53
1223 84 23
1224 41 35
1225 88 39
1226 69 32
1227 75 39
1228 65 70
1229 68 58
1230 70 17
1231 81 89
1232 94 45
1233 13 16
1234 54 82
1235 51 97
1236 21 26
1237 49 42
1238 36 91
1239 84 60
1240 39 5
1241 27 31
1242 12 25
1243 63 11
1244 28 88
1245 63 84
1246 33 73
1247 51 92
1248 15 13
1249 3 96
1250 47 34
1251 93 23
1252 70 51
1253 46 55
1254 46 100
1255 54 4
1256 68 50
1257 55 100
1258 79 44
1259 88 92
1260 24 5
1261 58 20
1262 55 68
1263 14 94
1264 18 43
1265 71 23
1266 73 50
1267 47 23
1268 70 17
1269 13 61
1270 69 1
1271 88 23
1272 56 12
1273 89 46
1274 11 49
1275 80 96
1276 12 5
1277 98 0
1278 23 96
1279 16 27
1280 40 87
1281 38 35
1282 47 12
1283 66 1
1284 24 97
1285 62 27
1286 3 91
1287 4 51
1288 7 11
1289 86 68
1290 64 8
1291 14 27
1292 61 49
1293 97 92
1294 98 48
1295 14 91
1296 45 3
1297 38 3
1298 64 42
1299 17 100
1300 28 25
1301 67 91
1302 71 37
1303 98 83
1304 36 5
1305 54 9
1306 41 17
1307 37 1
1308 49 19
1309 14 4
1310 19 27
1311 79 55
1312 65 57
1313 44 77
1314 71 64
1315 43 19
1316 77 24
1317 0 3
1318 43 13
1319 53 69
1320 79 0
1321 39 54
1322 39 68
1323 18 57
1324 57 83
1325 34 74
1326 91 64
1327 85 85
1328 14 99
1329 72 22
1330 38 6
1331 38 50
1332 49 69
1333 54 20
1334 7 58
1335 83 85
1336 100 0
1337 9 65
1338 41 53
1339 92 9
1340 77 25
1341 59 36
1342 43 79
1343 82 41
1344 45 19
1345 89 6
1346 7 55
1347 7 72
1348 37 62
1349 60 79
1350 7 61
1351 58 20
1352 43 97
1353 97 4
1354 37 17
1355 21 37
1356 28 65
1357 34 35
1358 24 57
1359 70 21
1360 64 32
1361 33 99
1362 96 39
1363 13 9
1364 50 66
1365 19 81
1366 66 13
1367 72 99
1368 64 31
1369 86 53
1370 68 87
1371 55 76
1372 64 38
1373 97 37
1374 63 64
1375 63 34
1376 28 3
1377 91 42
1378 37 22
1379 59 83
1380 37 56
1381 77 56
1382 83 1
1383 4 23
1384 39 22
1385 49 87
1386 69 65
1387 36 49
1388 54 37
1389 38 35
1390 45 4
1391 25 62
1392 61 100
1393 65 33
1394 24 17
1395 6 40
1396 25 19
1397 27 73
1398 39 100
1399 15 5
1400 40 26
1401 0 46
1402 58 99
1403 30 4
1404 82 40
1405 5 25
1406 53 83
1407 47 5
1408 81 6
1409 37 38
1410 78 16
1411 81 3
1412 34 69
1413 33 43
1414 73 82
1415 15 94
1416 93 83
1417 10 83
1418 97 92
1419 49 28
1420 82 56
1421 84 24
1422 80 25
1423 38 86
1424 61 64
1425 72 22
1426 13 84
1427 69 16
1428 74 59
1429 75 57
1430 7 12
1431 54 76
1432 70 1
1433 27 78
1434 68 7
1435 100 18
1436 2 74
1437 38 38
1438 46 73
1439 65 84
1440 37 18
1441 55 5
1442 30 43
1443 42 1
1444 9 46
1445 19 22
1446 65 18
1447 23 76
1448 67 7
1449 29 15
1450 90 90
1451 34 84
1452 28 56
1453 55 97
1454 36 44
1455 34 55
1456 1 79
1457 21 40
1458 46 98
1459 70 57
1460 30 17
1461 87 66
1462 59 38
1463 86 96
1464 71 36
1465 19 70
1466 84 85
1467 64 76
1468 64 57
1469 94 84
1470 66 71
1471 83 23
1472 28 7
1473 50 5
1474 34 75
1475 55 18
1476 56 32
1477 67 86
1478 0 31
1479 66 80
1480 33 15
1481 7 92
1482 62 42
1483 20 69
1484 83 82
1485 48 6
1486 89 26
1487 27 52
1488 38 99
1489 16 32
1490 21 75
1491 53 73
1492 40 86
1493 98 8
1494 59 11
1495 0 36
1496 85 34
1497 17 69
1498 0 43
1499 60 68
1500 77 19
1501 17 29
1502 32 82
1503 71 3
1504 30 58
1505 69 43
1506 6 13
1507 90 15
1508 26 70
1509 34 3
1510 56 8
1511 57 23
1512 92 71
1513 93 99
1514 79 61
1515 7 12
1516 93 12
1517 78 69
1518 49 18
1519 27 27
1520 1 100
1521 76 6
1522 29 94
1523 86 4
1524 68 85
1525 47 52
1526 10 14
1527 85 6
1528 22 26
1529 39 79
1530 59 17
1531 58 41
1532 26 47
1533 38 93
1534 32 65
1535 29 69
1536 27 87
1537 90 8
1538 34 29
1539 33 47
1540 44 24
1541 97 17
1542 55 55
1543 54 59
1544 74 48
1545 28 85
1546 76 77
1547 33 12
1548 14 88
1549 4 35
1550 84 89
1551 13 21
1552 60 48
1553 49 1
1554 12 43
1555 58 49
1556 17 66
1557 4 69
1558 99 63
1559 60 7
1560 72 97
1561 11 19
1562 43 78
1563 66 100
1564 45 65
1565 22 18
1566 92 30
1567 79 96
1568 15 32
1569 59 6
1570 39 79
1571 22 13
1572 18 69
1573 37 13
1574 95 70
1575 34 70
1576 22 19
1577 65 32
1578 42 42
1579 55 18
1580 11 98
1581 93 58
1582 29 33
1583 33 68
1584 64 37
1585 56 70
1586 15 39
1587 7 35
1588 59 83
1589 99 86
1590 87 63
1591 99 71
1592 47 74
1593 38 21
1594 49 82
1595 53 87
1596 18 65
1597 61 88
1598 5 11
1599 3 32
1600 39 38
1601 34 81
1602 100 15
1603 84 41
1604 29 26
1605 75 97
1606 43 45
1607 88 56
1608 80 59
1609 56 5
1610 96 17
1611 92 22
1612 32 26
1613 85 57
1614 36 71
1615 14 77
1616 50 34
1617 78 87
1618 34 19
1619 64 48
1620 75 18
1621 60 64
1622 67 23
1623 12 23
1624 48 90
1625 57 7
1626 89 64
1627 50 59
1628 7 15
1629 74 8
1630 60 93
1631 60 93
1632 5 69
1633 94 37
1634 62 63
1635 12 48
1636 18 1
1637 37 11
1638 12 29
1639 56 4
1640 38 89
1641 88 41
1642 76 89
1643 58 13
1644 76 92
1645 60 0
1646 4 7
1647 3 95
1648 3 14
1649 33 89
1650 49 70
1651 96 74
1652 27 80
1653 53 47
1654 90 63
1655 18 82
1656 38 13
1657 44 9
1658 12 10
1659 51 9
1660 24 30
1661 49 45
1662 37 28
1663 96 3
1664 84 74
1665 11 35
1666 42 69
1667 86 73
1668 4 25
1669 45 97
1670 96 75
1671 82 29
1672 44 96
1673 7 49
1674 45 8
1675 12 100
1676 30 11
1677 24 87
1678 2 29
1679 79 87
1680 29 65
1681 85 7
1682 54 90
1683 38 33
1684 95 44
1685 87 29
1686 44 59
1687 25 71
1688 29 87
1689 0 27
1690 59 32
1691 53 40
1692 13 38
1693 30 87
1694 36 73
1695 11 26
1696 33 44
1697 81 95
1698 72 47
1699 94 60
1700 54 43
1701 90 18
1702 72 81
1703 43 29
1704 17 51
1705 42 7
1706 19 20
1707 83 11
1708 0 92
1709 67 69
1710 16 25
1711 64 0
1712 60 77
1713 5 24
1714 48 23
1715 75 94
1716 20 77
1717 7 58
1718 77 10
1719 21 81
1720 65 54
1721 71 69
1722 32 4
1723 95 56
1724 47 52
1725 81 38
1726 91 87
1727 7 4
1728 10 93
1729 86 8
1730 24 30
1731 45 60
1732 98 34
1733 80 66
1734 19 4
1735 3 100
1736 74 38
1737 0 94
1738 99 19
1739 66 31
1740 33 24
1741 62 50
1742 88 82
1743 41 39
1744 6 68
1745 71 45
1746 82 98
1747 48 31
1748 14 0
1749 70 48
1750 67 13
1751 49 82
1752 31 76
1753 10 52
1754 47 12
1755 51 79
1756 45 51
1757 15 50
1758 8 14
1759 58 97
1760 17 83
1761 15 62
1762 5 49
1763 48 50
1764 8 18
1765 62 11
1766 88 36
1767 18 43
1768 28 38
1769 24 38
1770 65 79
1771 78 41
1772 84 59
1773 61 81
1774 2 50
1775 6 46
1776 11 64
1777 12 57
1778 88 44
1779 56 70
1780 55 18
1781 92 4
1782 66 27
1783 24 76
1784 64 42
1785 98 47
1786 21 62
1787 85 64
1788 2 23
1789 35 16
1790 5 73
1791 2 6
1792 52 97
1793 85 57
1794 47 53
1795 49 2
1796 96 61
1797 42 4
1798 24 24
1799 44 33
1800 92 17
1801 62 33
1802 94 96
1803 86 86
1804 43 1
1805 71 96
1806 90 37
1807 94 72
1808 54 87
1809 76 54
1810 38 58
1811 2 53
1812 45 79
1813 29 99
1814 20 31
1815 86 67
1816 40 50
1817 74 46
1818 85 50
1819 81 32
1820 21 95
1821 61 6
1822 31 76
1823 34 96
1824 36 0
1825 2 78
1826 84 3
1827 21 0
1828 68 52
1829 18 4
1830 96 5
1831 58 41
1832 2 35
1833 95 66
1834 32 67
1835 42 35
1836 91 14
1837 92 73
1838 10 74
1839 35 3
1840 34 97
1841 50 82
1842 15 53
1843 75 64
1844 84 24
1845 24 79
1846 78 23
1847 88 32
1848 64 5
1849 22 81
1850 39 100
1851 82 64
1852 19 98
1853 88 89
1854 88 46
1855 46 27
1856 73 100
1857 89 54
1858 97 89
1859 28 37
1860 60 66
1861 24 75
1862 7 46
1863 77 44
1864 7 14
1865 41 73
1866 37 8
1867 33 61
1868 25 68
1869 44 0
1870 49 99
1871 1 34
1872 28 20
1873 85 86
1874 33 35
1875 31 77
1876 90 86
1877 16 3
1878 25 41
1879 40 35
1880 76 99
1881 35 43
1882 21 66
1883 86 67
1884 89 83
1885 99 100
1886 96 34
1887 15 60
1888 17 38
1889 10 14
1890 73 31
1891 22 76
1892 90 59
1893 80 55
1894 54 57
1895 72 95
1896 83 62
1897 4 49
1898 49 100
1899 4 75
1900 7 48
1901 22 47
1902 80 32
1903 41 31
1904 45 37
1905 8 43
1906 9 7
1907 69 48
1908 49 35
1909 0 17
1910 56 35
1911 91 12
1912 18 26
1913 96 70
1914 19 48
1915 31 99
1916 83 19
1917 82 73
1918 69 58
1919 16 41
1920 85 6
1921 10 28
1922 71 49
1923 33 21
1924 10 1
1925 11 6
1926 63 69
1927 55 2
1928 54 3
1929 2 37
1930 69 97
1931 16 30
1932 58 42
1933 0 98
1934 61 55
1935 98 32
1936 65 26
1937 9 4
1938 13 82
1939 31 63
1940 65 9
1941 85 23
1942 89 71
1943 23 45
1944 33 0
1945 43 95
1946 11 78
1947 84 30
1948 28 34
1949 69 85
1950 18 12
1951 47 39
1952 16 28
1953 72 3
1954 35 26
1955 33 93
1956 18 84
1957 17 95
1958 91 10
1959 18 60
1960 44 30
1961 63 25
1962 92 70
1963 59 3
1964 89 95
1965 3 19
1966 9 24
1967 23 94
1968 16 36
1969 85 33
1970 17 66
1971 92 53
1972 95 67
1973 62 55
1974 79 63
1975 38 10
1976 91 94
1977 38 85
1978 2 2
1979 11 23
1980 52 18
1981 61 9
1982 21 100
1983 35 30
1984 53 10
1985 47 44
1986 40 27
1987 25 90
1988 26 37
1989 66 38
1990 48 9
1991 56 28
1992 18 51
1993 65 3
1994 92 76
1995 85 77
1996 66 57
1997 72 76
1998 30 98
1999 49 94
2000 48 36
2001 45 22
2002 92 8
2003 64 15
2004 17 13
2005 33 86
2006 31 6
2007 58 76
2008 20 12
2009 34 17
2010 29 36
2011 42 63
2012 69 77
2013 5 30
2014 50 78
2015 40 84
2016 55 31
2017 76 10
2018 53 46
2019 82 44
2020 38 30
2021 33 81
2022 61 66
2023 21 91
2024 56 20
2025 94 54
2026 65 59
2027 86 92
2028 49 18
2029 26 41
2030 62 99
2031 70 81
2032 92 56
2033 85 61
2034 94 8
2035 2 70
2036 54 69
2037 96 97
2038 83 73
2039 76 61
2040 45 10
2041 41 57
2042 78 19
2043 59 56
2044 96 76
2045 79 40
2046 86 23
2047 47 56
2048 75 15
2049 99 94
2050 63 40
2051 37 66
2052 92 0
2053 49 54
2054 45 62
2055 7 46
2056 17 73
2057 16 1
2058 23 96
2059 57 45
2060 92 37
2061 0 78
2062 0 0
2063 27 0
2064 99 16
2065 89 12
2066 38 4
2067 32 67
2068 28 70
2069 4 62
2070 81 71
2071 83 3
2072 94 21
2073 54 14
2074 89 8
2075 30 71
2076 46 5
2077 48 64
2078 96 76
2079 10 76
2080 51 65
2081 6 54
2082 87 53
2083 50 35
2084 78 43
2085 25 19
2086 84 35
2087 39 35
2088 58 31
2089 53 89
2090 8 8
2091 8 29
2092 39 81
2093 100 89
2094 50 51
2095 49 52
2096 95 55
2097 91 9
2098 37 30
2099 86 18
2100 52 67
2101 25 57
2102 12 20
2103 11 52
2104 56 59
2105 65 35
2106 72 58
2107 86 78
2108 37 78
2109 99 89
2110 50 75
2111 75 92
2112 67 41
2113 61 58
2114 15 63
2115 91 27
2116 10 98
2117 33 53
2118 39 75
2119 18 32
2120 7 22
2121 86 13
2122 44 26
2123 68 58
2124 32 66
2125 55 19
2126 93 8
2127 71 97
2128 69 39
2129 52 16
2130 25 26
2131 59 53
2132 12 98
2133 58 26
2134 12 54
2135 73 15
2136 100 31
2137 52 91
2138 23 98
2139 89 70
2140 100 20
2141 94 9
2142 76 22
2143 55 74
2144 47 56
2145 38 18
2146 9 3
2147 77 1
2148 5 46
2149 42 61
2150 82 72
2151 87 32
2152 18 92
2153 71 63
2154 68 38
2155 27 49
2156 47 64
2157 30 90
2158 99 39
2159 34 31
2160 44 99
2161 53 90
2162 46 61
2163 95 72
2164 91 8
2165 99 2
2166 35 44
2167 89 50
2168 18 93
2169 51 62
2170 61 42
2171 9 89
2172 65 85
2173 13 11
2174 7 94
2175 69 71
2176 92 35
2177 5 0
2178 58 70
2179 13 15
2180 80 75
2181 37 19
2182 52 100
2183 2 72
2184 62 81
2185 7 78
2186 76 21
2187 58 26
2188 61 85
2189 39 61
2190 57 46
2191 98 20
2192 17 62
2193 22 74
2194 72 2
2195 78 94
2196 95 85
2197 86 24
2198 57 98
2199 71 81
2200 100 72
2201 97 35
2202 20 20
2203 87 26
2204 49 0
2205 90 46
2206 29 62
2207 4 32
2208 17 75
2209 88 11
2210 46 63
2211 75 26
2212 11 29
2213 98 80
2214 18 57
2215 44 0
2216 12 92
2217 27 16
2218 18 46
2219 88 36
2220 26 99
2221 29 79
2222 45 63
2223 6 92
2224 85 5
2225 100 62
2226 34 73
2227 7 27
2228 22 89
2229 32 56
2230 54 81
2231 27 67
2232 94 5
2233 31 9
2234 27 25
2235 19 22
2236 49 0
2237 69 95
2238 78 58
2239 57 43
2240 74 18
2241 20 52
2242 89 60
2243 77 66
2244 64 58
2245 94 93
2246 100 20
2247 12 2
2248 63 33
2249 39 41
2250 45 13
2251 76 88
2252 95 92
2253 88 25
2254 46 93
2255 7 39
2256 62 53
2257 63 2
2258 43 40
2259 20 41
2260 8 92
2261 47 4
2262 3 4
2263 33 76
2264 19 87
2265 74 54
2266 62 67
2267 3 42
2268 42 94
2269 91 70
2270 50 58
2271 72 51
2272 57 81
2273 28 44
2274 1 60
2275 34 89
2276 0 10
2277 60 31
2278 19 25
2279 83 78
2280 86 80
2281 95 97
2282 85 40
2283 92 40
2284 19 60
2285 78 36
2286 7 68
2287 60 51
2288 62 95
2289 46 35
2290 45 44
2291 5 95
2292 80 60
2293 97 94
2294 30 84
2295 74 0
2296 89 69
2297 81 52
2298 20 3
2299 57 27
2300 42 4
2301 41 92
2302 76 90
2303 8 52
2304 91 52
2305 21 60
2306 3 97
2307 99 37
2308 87 1
2309 30 48
2310 52 23
2311 66 48
2312 26 25
2313 68 60
2314 34 74
2315 55 94
2316 88 29
2317 53 72
2318 1 27
2319 74 19
2320 2 17
2321 37 65
2322 11 71
2323 86 84
2324 88 31
2325 48 45
2326 41 100
2327 43 63
2328 13 84
2329 7 66
2330 95 74
2331 36 66
2332 72 36
2333 55 99
2334 7 49
2335 37 21
2336 3 87
2337 57 5
2338 9 72
2339 77 13
2340 82 52
2341 85 46
2342 81 35
2343 11 12
2344 0 38
2345 35 0
2346 93 91
2347 37 18
2348 16 53
2349 35 87
2350 93 34
2351 2 22
2352 12 24
2353 12 44
2354 17 89
2355 74 90
2356 54 17
2357 99 50
2358 27 41
2359 46 30
2360 13 63
2361 71 59
2362 4 12
2363 92 67
2364 69 35
2365 75 44
2366 10 98
2367 25 12
2368 18 92
2369 63 5
2370 75 16
2371 25 14
2372 100 83
2373 88 21
2374 22 83
2375 67 43
2376 69 15
2377 47 81
2378 92 29
2379 46 21
2380 17 27
2381 36 78
2382 74 48
2383 77 60
2384 58 28
2385 65 36
2386 8 19
2387 28 28
2388 18 86
2389 49 52
2390 11 72
2391 77 68
2392 66 55
2393 63 4
2394 28 43
2395 24 17
2396 77 58
2397 100 29
2398 47 80
2399 41 58
2400 85 67
2401 84 49
2402 67 62
2403 74 66
2404 95 92
2405 26 89
2406 84 30
2407 8 20
2408 36 38
2409 80 58
2410 76 94
2411 80 56
2412 67 82
2413 100 30
2414 11 25
2415 93 93
2416 15 84
2417 15 92
2418 54 28
2419 94 73
2420 71 72
2421 69 41
2422 83 9
2423 76 48
2424 73 86
2425 35 31
2426 90 86
2427 72 29
2428 77 93
2429 60 9
2430 60 82
2431 1 85
2432 84 73
2433 1 64
2434 16 48
2435 81 52
2436 28 69
2437 46 29
2438 62 50
2439 23 28
2440 65 63
2441 12 25
2442 79 56
2443 29 70
2444 0 97
2445 94 99
2446 85 74
2447 69 59
2448 22 31
2449 82 30
2450 30 94
2451 22 62
2452 2 57
2453 21 57
2454 38 60
2455 80 18
2456 94 51
2457 92 69
2458 2 27
2459 64 50
2460 55 3
2461 37 83
2462 72 69
2463 99 42
2464 46 83
2465 62 52
2466 80 46
2467 46 99
2468 21 93
2469 84 9
2470 80 83
2471 77 95
2472 54 7
2473 60 42
2474 59 59
2475 73 1
2476 75 5
2477 6 60
2478 77 40
2479 18 32
2480 89 49
2481 43 4
2482 47 70
2483 95 3
2484 38 21
2485 82 52
2486 68 38
2487 56 15
2488 13 52
2489 76 26
2490 93 85
2491 76 60
2492 73 2
2493 24 47
2494 83 44
2495 21 69
2496 48 69
2497 92 79
2498 16 74
2499 23 23
2500 20 51
2501 1 88
2502 86 14
2503 2 74
2504 23 95
2505 86 1
2506 76 90
2507 70 52
2508 87 49
2509 27 1
2510 36 84
2511 29 58
2512 17 42
2513 24 58
2514 92 68
2515 9 70
2516 73 98
2517 89 97
2518 2 14
2519 59 29
2520 98 25
2521 28 52
2522 7 100
2523 4 35
2524 82 55
2525 39 34
2526 71 49
2527 14 58
2528 26 13
2529 24 48
2530 25 31
2531 69 90
2532 25 10
2533 40 94
2534 34 76
2535 62 88
2536 5 87
2537 62 32
2538 38 71
2539 32 71
2540 51 90
2541 6 26
2542 79 51
2543 76 53
2544 65 55
2545 39 76
2546 69 4
2547 97 75
2548 32 57
2549 62 53
2550 54 3
2551 28 22
2552 20 30
2553 88 46
2554 84 24
2555 7 5
2556 81 13
2557 66 55
2558 0 27
2559 60 28
2560 83 43
2561 30 7
2562 4 85
2563 84 1
2564 19 3
2565 57 33
2566 79 50
2567 5 2
2568 39 80
2569 74 83
2570 53 84
2571 15 31
2572 42 76
2573 66 45
2574 76 84
2575 46 10
2576 68 96
2577 98 13
2578 21 93
2579 30 4
2580 49 39
2581 95 32
2582 9 60
2583 65 97
2584 71 18
2585 68 86
2586 9 37
2587 64 32
2588 31 42
2589 63 50
2590 41 80
2591 44 31
2592 10 3
2593 61 16
2594 47 32
2595 48 42
2596 90 19
2597 31 59
2598 56 15
2599 1 42
2600 19 3
2601 84 60
2602 50 44
2603 70 18
2604 64 18
2605 87 90
2606 66 15
2607 76 86
2608 72 51
2609 58 41
2610 15 68
2611 8 22
2612 10 94
2613 67 33
2614 99 90
2615 63 48
2616 53 87
2617 63 91
2618 37 15
2619 3 84
2620 55 86
2621 73 74
2622 8 49
2623 22 74
2624 0 61
2625 19 67
2626 14 86
2627 1 16
2628 38 94
2629 5 20
2630 6 5
2631 74 58
2632 95 29
2633 82 45
2634 15 99
2635 40 98
2636 10 70
2637 66 10
2638 28 75
2639 13 49
2640 39 75
2641 6 5
2642 20 72
2643 71 9
2644 64 80
2645 61 52
2646 65 51
2647 42 6
2648 62 72
2649 35 96
2650 96 42
2651 58 51
2652 37 21
2653 3 53
2654 68 30
2655 60 30
2656 32 92
2657 22 84
2658 11 39
2659 23 66
2660 75 24
2661 26 10
2662 21 81
2663 71 72
2664 28 15
2665 76 37
2666 16 66
2667 87 80
2668 71 25
2669 97 9
2670 34 99
2671 60 5
2672 22 81
2673 81 13
2674 55 6
2675 26 50
2676 18 72
2677 44 8
2678 3 54
2679 66 11
2680 51 24
2681 35 7
2682 5 96
2683 91 48
2684 24 91
2685 86 82
2686 22 87
2687 45 7
2688 89 7
2689 95 34
2690 57 92
2691 41 23
2692 58 31
2693 1 20
2694 83 57
2695 17 88
2696 43 44
2697 15 43
2698 96 44
2699 84 18
2700 13 18
2701 89 0
2702 45 56
2703 13 31
2704 20 57
2705 94 15
2706 33 26
2707 48 66
2708 37 67
2709 83 66
2710 46 73
2711 1 53
2712 96 70
2713 74 56
2714 27 34
2715 51 39
2716 37 60
2717 1 82
2718 47 14
2719 71 0
2720 95 74
2721 36 20
2722 41 79
2723 5 36
2724 75 20
2725 95 64
2726 86 59
2727 85 15
2728 75 53
2729 96 27
2730 41 43
2731 10 89
2732 69 92
2733 8 55
2734 38 83
2735 92 30
2736 6 62
2737 38 27
2738 19 27
2739 99 57
2740 83 25
2741 69 75
2742 55 97
2743 2 81
2744 70 25
2745 93 72
2746 3 36
2747 37 75
2748 35 22
2749 96 31
2750 76 96
2751 56 16
2752 1 61
2753 24 60
2754 95 98
2755 71 1
2756 49 94
2757 2 2
2758 28 84
2759 69 98
2760 70 81
2761 93 21
2762 66 34
2763 20 58
2764 94 54
2765 56 27
2766 83 27
2767 79 83
2768 17 49
2769 41 21
2770 78 82
2771 4 6
2772 64 19
2773 62 1
2774 19 46
2775 55 0
2776 88 40
2777 63 5
2778 75 33
2779 79 37
2780 69 68
2781 83 9
2782 28 52
2783 46 80
2784 76 38
2785 97 81
2786 79 94
2787 50 82
2788 76 3
2789 25 32
2790 63 23
2791 36 77
2792 72 4
2793 30 17
2794 64 39
2795 50 20
2796 82 5
2797 41 85
2798 100 47
2799 80 39
2800 94 77
2801 18 29
2802 99 89
2803 47 70
2804 71 29
2805 47 66
2806 34 48
2807 26 31
2808 82 98
2809 28 47
2810 84 55
2811 76 54
2812 19 23
2813 10 76
2814 70 48
2815 19 27
2816 48 29
2817 24 8
2818 6 83
2819 20 37
2820 29 72
2821 80 31
2822 27 89
2823 6 71
2824 50 71
2825 97 25
2826 83 85
2827 92 36
2828 49 28
2829 53 29
2830 33 37
2831 57 58
2832 96 78
2833 91 4
2834 74 28
2835 39 93
2836 49 99
2837 17 22
2838 54 99
2839 51 49
2840 10 85
2841 50 68
2842 26 61
2843 35 25
2844 43 35
2845 26 49
2846 79 59
2847 56 61
2848 71 39
2849 65 90
2850 75 39
2851 34 64
2852 12 18
2853 36 97
2854 63 71
2855 85 22
2856 69 85
2857 72 87
2858 65 38
2859 91 40
2860 94 26
2861 36 16
2862 13 26
2863 95 50
2864 71 53
2865 30 70
2866 27 27
2867 6 44
2868 99 70
2869 7 17
2870 37 7
2871 30 66
2872 70 9
2873 41 22
2874 45 99
2875 52 89
2876 47 47
2877 42 50
2878 23 92
2879 41 21
2880 48 91
2881 67 59
2882 72 98
2883 13 44
2884 45 79
2885 41 80
2886 20 6
2887 67 79
2888 99 8
2889 5 4
2890 90 30
2891 74 32
2892 100 94
2893 42 16
2894 30 56
2895 95 35
2896 37 71
2897 95 85
2898 4 0
2899 14 8
2900 43 17
2901 21 62
2902 67 2
2903 82 22
2904 88 24
2905 2 87
2906 59 64
2907 84 23
2908 33 61
2909 44 67
2910 78 22
2911 16 80
2912 62 75
2913 29 4
2914 14 22
2915 27 40
2916 27 97
2917 85 71
2918 67 40
2919 96 9
2920 66 17
2921 37 77
2922 5 26
2923 12 98
2924 19 19
2925 99 48
2926 46 71
2927 79 46
2928 37 73
2929 86 46
2930 93 97
2931 35 7
2932 38 100
2933 38 16
2934 46 65
2935 73 24
2936 72 40
2937 47 36
2938 50 9
2939 73 93
2940 38 40
2941 75 46
2942 1 92
2943 41 8
2944 34 1
2945 65 85
2946 100 76
2947 7 6
2948 71 83
2949 64 22
2950 81 6
2951 3 5
2952 94 20
2953 92 80
2954 3 39
2955 61 36
2956 12 90
2957 96 79
2958 8 49
2959 70 8
2960 74 53
2961 21 91
2962 54 58
2963 93 78
2964 74 90
2965 2 68
2966 24 24
2967 61 61
2968 1 90
2969 91 11
2970 19 64
2971 98 33
2972 41 24
2973 5 49
2974 91 8
2975 16 54
2976 49 75
2977 79 41
2978 95 43
2979 59 2
2980 52 56
2981 55 40
2982 29 27
2983 84 78
2984 77 16
2985 23 80
2986 59 35
2987 11 32
2988 98 60
2989 80 41
2990 67 35
2991 21 46
2992 28 15
2993 37 29
2994 38 13
2995 32 18
2996 66 39
2997 40 80
2998 69 36
2999 52 83
3000 75 33
3001 45 27
3002 1 72
3003 91 33
3004 32 90
3005 28 87
3006 95 49
3007 78 94
3008 63 69
3009 37 28
3010 48 30
3011 32 61
3012 35 0
3013 44 63
3014 90 94
3015 35 75
3016 63 51
3017 8 64
3018 19 30
3019 4 35
3020 9 55
3021 80 91
3022 16 38
3023 83 61
3024 76 82
3025 23 25
3026 3 37
3027 23 23
3028 11 45
3029 55 91
3030 22 91
3031 89 57
3032 12 62
3033 39 38
3034 8 45
3035 31 26
3036 30 74
3037 93 29
3038 45 19
3039 99 73
3040 71 54
3041 56 16
3042 44 99
3043 12 91
3044 43 63
3045 71 14
3046 45 79
3047 79 17
3048 23 51
3049 60 34
3050 53 72
3051 85 5
3052 19 95
3053 57 1
3054 25 27
3055 80 12
3056 25 33
3057 10 39
3058 63 71
3059 24 12
3060 24 62
3061 43 1
3062 37 7
3063 57 9
3064 39 32
3065 88 17
3066 38 9
3067 16 29
3068 47 72
3069 83 61
3070 22 33
3071 9 98
3072 52 61
3073 70 80
3074 97 45
3075 87 48
3076 80 37
3077 65 29
3078 19 98
3079 28 90
3080 78 61
3081 100 90
3082 60 78
3083 7 88
3084 33 41
3085 99 21
3086 67 70
3087 74 18
3088 98 77
3089 40 69
3090 83 37
3091 71 60
3092 34 18
3093 86 80
3094 96 76
3095 23 27
3096 92 19
3097 17 68
3098 35 51
3099 55 68
3100 91 6
3101 77 66
3102 77 60
3103 29 23
3104 53 36
3105 77 58
3106 52 65
3107 28 93
3108 24 29
3109 1 74
3110 3 36
3111 51 5
3112 42 93
3113 71 11
3114 19 60
3115 7 70
3116 1 62
3117 87 7
3118 76 47
3119 54 10
3120 64 69
3121 35 52
3122 47 23
3123 91 46
3124 55 94
3125 0 2
3126 23 40
3127 47 7
3128 73 69
3129 75 1
3130 45 50
3131 89 5
3132 7 84
3133 0 80
3134 46 71
3135 0 6
3136 45 9
3137 99 81
3138 80 14
3139 28 92
3140 34 62
3141 82 92
3142 8 84
3143 75 51
3144 46 17
3145 77 13
3146 44 39
3147 8 59
3148 40 97
3149 13 67
3150 60 24
3151 18 64
3152 65 3
3153 44 52
3154 10 20
3155 56 64
3156 12 85
3157 44 76
3158 80 31
3159 22 52
3160 9 20
3161 2 40
3162 46 25
3163 80 45
3164 50 38
3165 10 66
3166 42 79
3167 26 55
3168 1 61
3169 55 88
3170 79 87
3171 20 44
3172 36 79
3173 38 29
3174 29 81
3175 29 61
3176 61 60
3177 78 78
3178 35 90
3179 3 25
3180 64 10
3181 13 88
3182 23 81
3183 4 69
3184 97 15
3185 41 6
3186 41 77
3187 70 88
3188 98 14
3189 73 61
3190 77 73
3191 27 81
3192 27 39
3193 35 16
3194 96 47
3195 34 41
3196 12 87
3197 29 69
3198 0 85
3199 49 93
3200 54 34
3201 39 56
3202 11 38
3203 46 8
3204 46 90
3205 88 30
3206 56 95
3207 50 77
3208 73 38
3209 13 100
3210 8 32
3211 97 99
3212 21 53
3213 83 74
3214 31 7
3215 94 11
3216 100 13
3217 21 34
3218 63 34
3219 67 70
3220 46 46
3221 56 69
3222 28 92
3223 19 34
3224 26 15
3225 8 8
3226 44 50
3227 41 75
3228 43 57
3229 75 11
3230 62 91
3231 73 4
3232 94 35
3233 73 39
3234 59 81
3235 24 17
3236 39 76
3237 77 94
3238 38 78
3239 81 22
3240 32 83
3241 74 100
3242 65 60
3243 38 78
3244 43 93
3245 72 14
3246 77 56
3247 57 32
3248 85 91
3249 81 40
3250 90 75
3251 45 40
3252 46 23
3253 74 93
3254 81 66
3255 93 81
3256 39 46
3257 52 6
3258 44 86
3259 13 30
3260 85 61
3261 9 2
3262 31 17
3263 36 81
3264 50 86
3265 98 29
3266 0 96
3267 2 98
3268 37 81
3269 29 64
3270 2 48
3271 25 83
3272 42 94
3273 63 38
3274 100 70
3275 3 25
3276 41 91
3277 40 86
3278 30 40
3279 6 47
3280 63 98
3281 42 29
3282 47 38
3283 4 51
3284 52 82
3285 68 23
3286 91 15
3287 76 88
3288 26 90
3289 92 19
3290 30 27
3291 83 8
3292 58 25
3293 48 1
3294 26 97
3295 19 13
3296 57 21
3297 87 82
3298 4 4
3299 97 34
3300 60 0
3301 34 0
3302 30 72
3303 78 77
3304 25 53
3305 83 63
3306 31 47
3307 8 37
3308 24 92
3309 100 82
3310 42 21
3311 92 32
3312 94 11
3313 91 65
3314 54 50
3315 83 10
3316 25 40
3317 20 3
3318 7 48
3319 32 5
3320 0 45
3321 70 60
3322 78 40
3323 90 56
3324 54 80
3325 26 40
3326 87 37
3327 64 70
3328 13 15
3329 26 65
3330 62 30
3331 22 48
3332 14 47
3333 62 81
3334 81 39
3335 33 35
3336 3 36
3337 96 93
3338 5 56
3339 91 21
3340 46 82
3341 20 80
3342 2 53
3343 33 98
3344 35 20
3345 95 3
3346 17 86
3347 48 86
3348 10 74
3349 63 19
3350 13 33
3351 50 46
3352 68 72
3353 67 98
3354 72 67
3355 24 84
3356 8 17
3357 12 99
3358 59 48
3359 97 23
3360 20 52
3361 90 32
3362 82 14
3363 51 46
3364 90 41
3365 55 15
3366 25 12
3367 9 87
3368 48 84
3369 10 65
3370 5 70
3371 61 85
3372 76 9
3373 96 14
3374 23 0
3375 64 17
3376 49 93
3377 20 79
3378 70 37
3379 95 80
3380 21 12
3381 22 66
3382 48 76
3383 60 49
3384 30 39
3385 44 50
3386 46 88
3387 45 54
3388 23 58
3389 68 36
3390 69 8
3391 44 76
3392 37 64
3393 66 3
3394 9 88
3395 97 4
3396 32 61
3397 41 10
3398 44 51
3399 60 74
3400 7 74
3401 40 97
3402 7 61
3403 13 23
3404 47 17
3405 60 28
3406 25 61
3407 78 93
3408 92 85
3409 41 19
3410 49 56
3411 56 55
3412 88 76
3413 61 73
3414 71 99
3415 49 100
3416 75 9
3417 78 40
3418 64 18
3419 46 62
3420 25 96
3421 16 96
3422 19 17
3423 23 27
3424 43 25
3425 22 94
3426 13 8
3427 15 25
3428 71 44
3429 91 2
3430 91 4
3431 35 19
3432 94 86
3433 33 47
3434 23 41
3435 54 49
3436 17 83
3437 32 50
3438 31 60
3439 99 99
3440 2 23
3441 56 57
3442 32 96
3443 51 72
3444 29 65
3445 81 23
3446 82 68
3447 28 95
3448 46 5
3449 53 33
3450 6 44
3451 25 72
3452 34 18
3453 23 85
3454 59 95
3455 60 90
3456 55 75
3457 61 89
3458 45 52
3459 51 61
3460 56 56
3461 80 84
3462 74 45
3463 58 19
3464 42 75
3465 81 18
3466 0 20
3467 42 47
3468 56 77
3469 50 44
3470 5 37
3471 0 46
3472 25 47
3473 71 77
3474 31 47
3475 65 1
3476 69 22
3477 41 14
3478 4 74
3479 19 43
3480 14 59
3481 99 29
3482 49 54
3483 92 42
3484 38 8
3485 54 14
3486 50 66
3487 40 69
3488 91 17
3489 15 67
3490 82 100
3491 48 73
3492 0 70
3493 25 33
3494 73 9
3495 16 75
3496 0 42
3497 85 96
3498 86 76
3499 10 19
3500 16 80
3501 42 56
3502 60 55
3503 39 9
3504 51 53
3505 76 35
3506 19 1
3507 41 24
3508 87 12
3509 62 56
3510 36 1
3511 84 56
3512 17 89
3513 10 11
3514 96 83
3515 46 19
3516 71 71
3517 26 36
3518 51 42
3519 65 0
3520 76 94
3521 89 13
3522 43 56
3523 17 69
3524 33 21
3525 58 93
3526 59 32
3527 5 33
3528 62 23
3529 37 89
3530 89 53
3531 64 39
3532 92 29
3533 60 51
3534 14 35
3535 61 85
3536 98 84
3537 47 100
3538 59 78
3539 29 99
3540 1 68
3541 6 32
3542 16 5
3543 6 72
3544 70 67
3545 49 33
3546 64 21
3547 85 91
3548 13 87
3549 9 96
3550 36 90
3551 100 60
3552 90 1
3553 0 56
3554 97 11
3555 12 62
3556 81 94
3557 97 100
3558 27 89
3559 59 57
3560 74 28
3561 79 41
3562 74 7
3563 83 0
3564 17 7
3565 4 89
3566 100 74
3567 27 90
3568 78 55
3569 9 4
3570 63 96
3571 81 53
3572 81 16
3573 18 96
3574 87 23
3575 64 16
3576 32 17
3577 94 9
3578 75 53
3579 83 15
3580 26 24
3581 58 52
3582 70 70
3583 39 26
3584 55 88
3585 7 85
3586 96 92
3587 7 87
3588 15 75
3589 18 27
3590 72 74
3591 57 10
3592 72 96
3593 92 52
3594 7 54
3595 69 32
3596 33 56
3597 63 78
3598 38 77
3599 43 39
3600 3 58
3601 91 5
3602 22 85
3603 0 25
3604 47 95
3605 7 96
3606 95 29
3607 13 88
3608 89 72
3609 7 27
3610 5 88
3611 85 25
3612 66 25
3613 32 94
3614 2 19
3615 52 23
3616 20 8
3617 58 24
3618 86 97
3619 84 5
3620 27 66
3621 66 19
3622 58 73
3623 68 78
3624 72 75
3625 28 46
3626 58 56
3627 63 24
3628 82 41
3629 62 40
3630 22 94
3631 68 71
3632 67 0
3633 37 78
3634 78 81
3635 77 5
3636 62 7
3637 98 100
3638 7 73
3639 95 82
3640 48 17
3641 98 5
3642 47 86
3643 33 73
3644 49 62
3645 54 44
3646 84 48
3647 16 88
3648 56 100
3649 43 19
3650 66 36
3651 92 58
3652 40 31
3653 95 84
3654 1 18
3655 69 84
3656 74 54
3657 83 23
3658 10 34
3659 60 72
3660 14 87
3661 100 76
3662 66 63
3663 14 11
3664 82 85
3665 12 96
3666 35 55
3667 45 49
3668 9 8
3669 73 68
3670 71 45
3671 46 31
3672 52 48
3673 32 55
3674 1 59
3675 68 61
3676 38 68
3677 39 92
3678 38 39
3679 2 51
3680 61 79
3681 30 18
3682 38 0
3683 53 69
3684 71 57
3685 86 65
3686 61 21
3687 39 79
3688 34 56
3689 80 13
3690 98 97
3691 79 22
3692 97 65
3693 83 86
3694 51 34
3695 15 99
3696 91 47
3697 79 98
3698 24 39
3699 65 32
3700 42 77
3701 15 78
3702 12 41
3703 71 82
3704 80 29
3705 27 48
3706 90 67
3707 76 31
3708 80 97
3709 39 5
3710 54 58
3711 33 69
3712 87 3
3713 11 68
3714 5 59
3715 55 33
3716 73 51
3717 98 52
3718 89 3
3719 0 53
3720 45 23
3721 46 57
3722 86 21
3723 41 12
3724 23 31
3725 57 75
3726 80 24
3727 12 71
3728 96 97
3729 53 41
3730 41 95
3731 99 87
3732 17 35
3733 82 90
3734 78 54
3735 99 40
3736 84 86
3737 32 55
3738 6 11
3739 33 54
3740 35 95
3741 9 41
3742 69 9
3743 1 50
3744 19 94
3745 78 80
3746 48 8
3747 49 78
3748 41 83
3749 94 48
3750 26 19
3751 52 4
3752 64 64
3753 90 10
3754 96 83
3755 83 2
3756 23 66
3757 73 25
3758 15 79
3759 84 14
3760 55 6
3761 94 41
3762 37 3
3763 42 89
3764 5 48
3765 84 42
3766 66 2
3767 20 43
3768 62 59
3769 67 15
3770 58 89
3771 42 36
3772 32 48
3773 46 53
3774 77 52
3775 9 11
3776 16 41
3777 42 58
3778 1 99
3779 64 83
3780 16 69
3781 31 55
3782 64 30
3783 24 22
3784 59 68
3785 44 96
3786 41 7
3787 15 42
3788 87 86
3789 8 57
3790 65 92
3791 63 98
3792 89 54
3793 4 64
3794 91 87
3795 94 21
3796 74 37
3797 79 39
3798 41 58
3799 28 98
3800 23 97
3801 98 3
3802 70 48
3803 49 0
3804 59 14
3805 80 4
3806 87 23
3807 4 23
3808 31 71
3809 39 47
3810 8 66
3811 29 8
3812 17 77
3813 38 41
3814 61 83
3815 27 24
3816 34 15
3817 81 43
3818 71 78
3819 30 43
3820 31 15
3821 27 84
3822 15 87
3823 72 54
3824 9 66
3825 16 63
3826 60 57
3827 69 66
3828 43 54
3829 20 4
3830 49 55
3831 36 62
3832 41 28
3833 83 99
3834 34 77
3835 85 30
3836 78 70
3837 19 91
3838 11 52
3839 60 46
3840 38 85
3841 62 38
3842 65 9
3843 19 34
3844 90 26
3845 11 89
3846 72 27
3847 3 24
3848 47 57
3849 12 0
3850 4 6
3851 80 3
3852 34 33
3853 85 89
3854 93 18
3855 61 23
3856 80 29
3857 80 13
3858 99 83
3859 79 74
3860 76 38
3861 29 68
3862 4 98
3863 90 66
3864 15 83
3865 16 81
3866 100 25
3867 13 89
3868 90 25
3869 54 47
3870 100 9
3871 92 70
3872 10 48
3873 94 26
3874 79 56
3875 19 46
3876 53 91
3877 11 56
3878 65 87
3879 65 45
3880 60 37
3881 48 1
3882 67 9
3883 77 99
3884 0 35
3885 49 23
3886 80 69
3887 42 92
3888 69 59
3889 60 49
3890 40 12
3891 86 1
3892 71 28
3893 54 5
3894 52 91
3895 83 13
3896 24 56
3897 15 80
3898 56 82
3899 12 26
3900 26 97
3901 52 22
3902 88 74
3903 12 42
3904 14 13
3905 52 17
3906 0 37
3907 31 28
3908 52 82
3909 38 18
3910 64 89
3911 40 28
3912 77 59
3913 41 20
3914 21 32
3915 10 0
3916 57 17
3917 82 85
3918 77 2
3919 42 7
3920 35 24
3921 2 75
3922 24 12
3923 61 10
3924 80 31
3925 31 63
3926 13 2
3927 95 13
3928 68 56
3929 87 33
3930 31 89
3931 90 11
3932 71 18
3933 90 72
3934 4 38
3935 50 62
3936 17 61
3937 42 23
3938 5 54
3939 43 1
3940 48 2
3941 92 85
3942 95 62
3943 80 93
3944 76 41
3945 77 40
3946 97 45
3947 84 51
3948 96 95
3949 61 35
3950 90 55
3951 38 13
3952 77 26
3953 30 6
3954 73 85
3955 87 77
3956 36 55
3957 64 25
3958 27 54
3959 70 39
3960 32 26
3961 29 1
3962 70 14
3963 77 96
3964 38 62
3965 62 88
3966 72 22
3967 78 78
3968 62 81
3969 8 9
3970 90 10
3971 63 66
3972 62 82
3973 19 59
3974 12 57
3975 17 92
3976 66 96
3977 32 74
3978 26 98
3979 10 72
3980 35 57
3981 90 5
3982 82 43
3983 35 87
3984 53 41
3985 72 25
3986 30 61
3987 61 0
3988 27 4
3989 15 36
3990 20 14
3991 5 20
3992 71 49
3993 5 92
3994 49 63
3995 45 20
3996 15 1
3997 41 35
3998 54 16
3999 3 83
4000 63 97
4001 88 44
4002 35 58
4003 39 96
4004 38 18
4005 78 14
4006 64 3
4007 62 51
4008 57 11
4009 76 99
4010 79 60
4011 79 68
4012 18 97
4013 71 39
4014 97 49
4015 26 78
4016 43 44
4017 87 14
4018 92 7
4019 4 84
4020 98 17
4021 22 36
4022 43 16
4023 18 80
4024 73 1
4025 84 96
4026 57 80
4027 54 75
4028 68 94
4029 49 43
4030 29 44
4031 34 16
4032 12 20
4033 100 99
4034 35 88
4035 38 56
4036 91 4
4037 7 3
4038 91 76
4039 11 64
4040 87 31
4041 51 80
4042 21 67
4043 43 30
4044 35 69
4045 77 38
4046 97 7
4047 77 52
4048 93 99
4049 72 37
4050 1 10
4051 80 24
4052 44 69
4053 14 16
4054 71 49
4055 7 66
4056 1 91
4057 91 65
4058 7 11
4059 19 98
4060 51 29
4061 44 58
4062 99 30
4063 50 40
4064 65 44
4065 78 55
4066 75 16
4067 79 79
4068 64 45
4069 25 36
4070 58 46
4071 53 77
4072 76 35
4073 16 42
4074 95 57
4075 73 1
4076 41 10
4077 79 11
4078 73 99
4079 26 55
4080 67 7
4081 5 34
4082 4 21
4083 61 44
4084 63 84
4085 9 57
4086 67 89
4087 71 71
4088 52 6
4089 62 46
4090 91 70
4091 80 19
4092 53 86
4093 94 11
4094 60 33
4095 78 56
4096 85 11
4097 10 62
4098 11 44
4099 2 48
4100 6 22
4101 10 84
4102 56 97
4103 42 39
4104 47 32
4105 75 86
4106 69 69
4107 74 90
4108 20 33
4109 48 17
4110 54 25
4111 65 61
4112 84 51
4113 0 23
4114 29 73
4115 17 4
4116 99 33
4117 27 34
4118 75 50
4119 80 8
4120 99 27
4121 84 78
4122 64 16
4123 0 70
4124 53 95
4125 9 6
4126 45 74
4127 12 39
4128 16 54
4129 28 65
4130 66 4
4131 99 15
4132 59 96
4133 100 75
4134 31 40
4135 43 69
4136 30 79
4137 53 74
4138 85 85
4139 35 53
4140 70 44
4141 75 16
4142 32 2
4143 27 56
4144 58 89
4145 51 28
4146 90 79
4147 86 56
4148 14 72
4149 47 56
4150 24 96
4151 69 5
4152 14 25
4153 95 75
4154 1 93
4155 91 13
4156 68 34
4157 48 23
4158 47 13
4159 97 17
4160 46 0
4161 16 36
4162 93 76
4163 69 72
4164 17 81
4165 64 42
4166 30 7
4167 75 21
4168 59 42
4169 44 72
4170 14 88
4171 60 8
4172 42 91
4173 76 60
4174 88 82
4175 0 44
4176 10 75
4177 45 11
4178 74 97
4179 79 98
4180 42 89
4181 81 1
4182 63 81
4183 75 38
4184 90 33
4185 6 94
4186 13 48
4187 62 32
4188 58 74
4189 100 47
4190 9 55
4191 95 78
4192 88 76
4193 23 53
4194 31 66
4195 10 98
4196 74 66
4197 53 30
4198 47 60
4199 29 49
4200 49 56
4201 9 39
4202 21 25
4203 20 68
4204 76 42
4205 21 2
4206 21 68
4207 88 13
4208 8 89
4209 9 41
4210 21 23
4211 6 56
4212 3 14
4213 53 24
4214 52 99
4215 70 75
4216 49 51
4217 61 40
4218 2 0
4219 94 48
4220 36 68
4221 10 93
4222 96 7
4223 71 22
4224 69 89
4225 38 94
4226 6 81
4227 75 85
4228 77 73
4229 11 74
4230 67 12
4231 63 16
4232 95 29
4233 44 34
4234 52 85
4235 20 100
4236 80 74
4237 100 76
4238 83 44
4239 17 44
4240 72 75
4241 47 52
4242 98 23
4243 2 43
4244 10 18
4245 15 66
4246 42 54
4247 26 42
4248 59 4
4249 100 72
4250 37 48
4251 79 24
4252 50 91
4253 86 0
4254 25 54
4255 77 96
4256 24 88
4257 66 81
4258 76 49
4259 44 88
4260 43 24
4261 6 71
4262 58 96
4263 8 17
4264 29 2
4265 7 30
4266 50 52
4267 20 70
4268 91 39
4269 64 3
4270 8 29
4271 77 14
4272 38 12
4273 1 87
4274 1 66
4275 10 80
4276 81 12
4277 27 21
4278 65 13
4279 38 31
4280 20 96
4281 66 63
4282 55 15
4283 16 63
4284 14 55
4285 65 51
4286 47 41
4287 80 55
4288 81 64
4289 65 15
4290 96 85
4291 12 83
4292 12 66
4293 11 34
4294 87 51
4295 44 70
4296 25 3
4297 78 36
4298 15 2
4299 80 30
4300 31 80
4301 5 58
4302 55 45
4303 56 65
4304 70 97
4305 44 28
4306 77 98
4307 81 23
4308 95 16
4309 16 12
4310 36 13
4311 33 89
4312 62 5
4313 69 54
4314 50 63
4315 93 70
4316 6 57
4317 11 23
4318 23 97
4319 54 63
4320 67 50
4321 43 1
4322 100 93
4323 2 2
4324 4 85
4325 52 99
4326 100 51
4327 91 78
4328 31 39
4329 94 21
4330 75 53
4331 95 87
4332 3 53
4333 77 59
4334 11 43
4335 13 12
4336 45 13
4337 76 2
4338 48 67
4339 24 49
4340 48 74
4341 96 37
4342 15 16
4343 18 49
4344 7 95
4345 82 23
4346 80 92
4347 67 84
4348 4 47
4349 6 11
4350 33 14
4351 62 32
4352 55 78
4353 42 59
4354 9 45
4355 60 94
4356 34 80
4357 52 42
4358 37 66
4359 36 72
4360 22 40
4361 14 77
4362 83 58
4363 11 26
4364 22 10
4365 96 11
4366 22 29
4367 96 17
4368 52 97
4369 91 81
4370 71 46
4371 92 29
4372 85 12
4373 60 31
4374 86 83
4375 23 71
4376 74 31
4377 99 45
4378 43 77
4379 58 72
4380 79 91
4381 45 56
4382 22 66
4383 11 8
4384 25 86
4385 97 59
4386 85 16
4387 87 54
4388 88 93
4389 34 48
4390 60 86
4391 37 7
4392 42 21
4393 57 47
4394 38 86
4395 87 88
4396 46 13
4397 99 73
4398 41 9
4399 8 88
4400 93 51
4401 82 54
4402 75 5
4403 60 46
4404 6 86
4405 26 20
4406 28 53
4407 25 83
4408 82 70
4409 66 3
4410 93 36
4411 32 10
4412 93 87
4413 85 31
4414 5 4
4415 46 96
4416 90 57
4417 22 82
4418 84 1
4419 55 78
4420 46 37
4421 54 58
4422 42 84
4423 40 6
4424 70 34
4425 95 58
4426 63 29
4427 8 51
4428 96 37
4429 64 28
4430 26 57
4431 68 49
4432 13 89
4433 69 74
4434 61 2
4435 92 100
4436 80 96
4437 91 6
4438 93 48
4439 21 34
4440 94 81
4441 87 98
4442 75 83
4443 81 26
4444 26 83
4445 38 40
4446 0 78
4447 41 34
4448 53 83
4449 90 66
4450 66 10
4451 48 42
4452 84 66
4453 14 91
4454 41 18
4455 93 42
4456 41 42
4457 21 19
4458 93 21
4459 95 24
4460 34 61
4461 14 6
4462 3 44
4463 31 54
4464 26 45
4465 27 32
4466 92 37
4467 59 95
4468 65 15
4469 3 54
4470 67 1
4471 22 100
4472 2 27
4473 59 91
4474 7 25
4475 67 56
4476 23 99
4477 57 36
4478 67 68
4479 74 40
4480 65 44
4481 0 17
4482 4 31
4483 73 69
4484 40 94
4485 88 89
4486 1 53
4487 9 85
4488 26 63
4489 58 23
4490 58 5
4491 20 2
4492 63 29
4493 94 94
4494 66 2
4495 100 0
4496 92 94
4497 75 70
4498 65 17
4499 14 52
4500 56 41
4501 16 5
4502 84 79
4503 9 82
4504 42 57
4505 3 65
4506 5 71
4507 86 0
4508 58 35
4509 70 48
4510 57 95
4511 22 98
4512 21 86
4513 94 52
4514 4 35
4515 64 82
4516 66 90
4517 70 94
4518 21 68
4519 24 31
4520 71 13
4521 87 88
4522 7 10
4523 86 6
4524 30 66
4525 41 17
4526 27 99
4527 3 24
4528 44 6
4529 78 100
4530 37 60
4531 63 59
4532 58 26
4533 91 33
4534 68 50
4535 77 35
4536 59 69
4537 67 80
4538 5 46
4539 58 43
4540 68 89
4541 41 71
4542 25 50
4543 86 8
4544 58 20
4545 69 65
4546 84 89
4547 59 65
4548 11 30
4549 38 74
4550 89 60
4551 3 74
4552 29 87
4553 67 60
4554 80 36
4555 4 99
4556 78 75
4557 34 3
4558 16 87
4559 31 97
4560 73 43
4561 13 6
4562 42 65
4563 81 27
4564 19 64
4565 43 83
4566 33 25
4567 19 93
4568 36 63
4569 63 98
4570 66 63
4571 98 97
4572 12 52
4573 73 0
4574 18 28
4575 14 7
4576 89 46
4577 35 13
4578 90 47
4579 52 71
4580 41 27
4581 10 22
4582 48 33
4583 24 8
4584 62 56
4585 75 57
4586 49 93
4587 66 69
4588 45 29
4589 93 27
4590 26 7
4591 89 61
4592 16 89
4593 66 4
4594 42 1
4595 24 51
4596 28 40
4597 77 23
4598 55 65
4599 45 11
4600 98 5
4601 89 15
4602 87 46
4603 15 41
4604 49 28
4605 92 29
4606 79 58
4607 32 91
4608 55 95
4609 27 5
4610 49 2
4611 34 87
4612 84 72
4613 60 82
4614 45 51
4615 73 63
4616 29 86
4617 71 95
4618 19 38
4619 24 1
4620 22 88
4621 58 60
4622 97 75
4623 54 21
4624 21 4
4625 70 48
4626 27 37
4627 48 15
4628 64 50
4629 74 26
4630 53 46
4631 100 79
4632 13 44
4633 85 18
4634 92 24
4635 67 32
4636 91 7
4637 79 67
4638 1 48
4639 95 10
4640 54 29
4641 0 87
4642 31 30
4643 42 45
4644 35 97
4645 68 91
4646 13 71
4647 81 17
4648 94 90
4649 54 48
4650 31 98
4651 91 32
4652 22 30
4653 54 59
4654 64 68
4655 27 61
4656 81 76
4657 92 34
4658 7 85
4659 59 99
4660 97 31
4661 60 6
4662 50 52
4663 40 54
4664 25 26
4665 100 51
4666 14 6
4667 27 12
4668 68 29
4669 61 71
4670 6 40
4671 37 82
4672 42 48
4673 97 48
4674 53 85
4675 32 61
4676 79 59
4677 95 56
4678 99 88
4679 36 65
4680 67 100
4681 66 22
4682 28 87
4683 42 98
4684 52 36
4685 73 0
4686 13 72
4687 97 62
4688 58 41
4689 80 31
4690 38 65
4691 11 66
4692 89 64
4693 46 84
4694 1 11
4695 88 61
4696 23 71
4697 17 72
4698 89 80
4699 2 98
4700 55 74
4701 26 44
4702 60 32
4703 11 97
4704 18 1
4705 88 70
4706 59 78
4707 52 49
4708 14 97
4709 9 57
4710 50 38
4711 40 69
4712 87 5
4713 98 61
4714 33 24
4715 45 77
4716 65 75
4717 9 81
4718 88 79
4719 85 93
4720 29 83
4721 81 55
4722 10 17
4723 50 26
4724 81 88
4725 16 51
4726 14 62
4727 42 89
4728 79 62
4729 32 31
4730 85 43
4731 29 85
4732 97 83
4733 3 96
4734 97 27
4735 43 85
4736 92 25
4737 78 32
4738 71 98
4739 98 94
4740 80 6
4741 95 85
4742 87 7
4743 1 9
4744 82 36
4745 87 80
4746 36 84
4747 15 97
4748 79 4
4749 44 49
4750 26 23
4751 11 21
4752 19 36
4753 24 65
4754 7 25
4755 43 10
4756 22 86
4757 40 63
4758 36 13
4759 14 21
4760 83 39
4761 48 73
4762 28 43
4763 5 70
4764 64 20
4765 51 20
4766 84 16
4767 91 98
4768 11 39
4769 30 61
4770 57 62
4771 55 82
4772 65 29
4773 17 73
4774 60 84
4775 40 83
4776 43 56
4777 72 91
4778 15 55
4779 6 35
4780 18 39
4781 48 54
4782 13 69
4783 75 78
4784 43 49
4785 32 5
4786 38 52
4787 38 78
4788 57 45
4789 35 29
4790 11 93
4791 23 67
4792 60 60
4793 75 91
4794 55 68
4795 0 34
4796 18 1
4797 10 37
4798 92 54
4799 54 84
4800 97 2
4801 37 30
4802 33 5
4803 97 92
4804 75 77
4805 12 0
4806 91 4
4807 77 81
4808 78 4
4809 88 29
4810 83 48
4811 18 36
4812 15 74
4813 78 90
4814 67 99
4815 81 65
4816 38 93
4817 83 32
4818 81 13
4819 12 73
4820 92 47
4821 8 66
4822 87 28
4823 48 97
4824 49 53
4825 50 2
4826 90 68
4827 84 83
4828 7 39
4829 21 69
4830 10 93
4831 40 89
4832 0 23
4833 40 73
4834 6 74
4835 94 98
4836 74 41
4837 37 51
4838 76 25
4839 28 25
4840 2 80
4841 71 77
4842 1 26
4843 45 67
4844 91 34
4845 71 14
4846 22 38
4847 15 64
4848 62 58
4849 0 85
4850 58 10
4851 78 10
4852 95 28
4853 66 15
4854 17 88
4855 9 99
4856 31 30
4857 63 41
4858 57 72
4859 50 4
4860 78 17
4861 53 67
4862 3 67
4863 83 53
4864 61 14
4865 34 28
4866 82 82
4867 66 38
4868 78 16
4869 7 54
4870 78 67
4871 58 71
4872 26 32
4873 18 16
4874 46 40
4875 50 83
4876 34 76
4877 45 25
4878 84 75
4879 60 69
4880 9 87
4881 83 42
4882 91 16
4883 13 77
4884 2 50
4885 16 19
4886 14 30
4887 21 77
4888 61 39
4889 18 100
4890 44 98
4891 48 88
4892 44 6
4893 97 94
4894 95 81
4895 98 85
4896 47 36
4897 91 55
4898 90 56
4899 61 24
4900 98 85
4901 9 67
4902 31 39
4903 60 16
4904 87 60
4905 15 28
4906 27 60
4907 77 3
4908 92 52
4909 94 79
4910 24 98
4911 66 53
4912 63 41
4913 21 22
4914 64 40
4915 70 55
4916 95 71
4917 22 25
4918 69 35
4919 11 79
4920 12 0
4921 8 71
4922 68 32
4923 67 57
4924 12 28
4925 19 8
4926 49 94
4927 53 22
4928 13 90
4929 75 95
4930 88 14
4931 82 93
4932 19 9
4933 37 64
4934 20 27
4935 11 46
4936 86 29
4937 39 2
4938 78 11
4939 52 32
4940 9 58
4941 60 10
4942 79 45
4943 39 11
4944 62 9
4945 19 50
4946 47 39
4947 41 3
4948 74 48
4949 89 36
4950 28 37
4951 8 77
4952 52 3
4953 47 6
4954 80 53
4955 14 91
4956 92 39
4957 18 31
4958 15 16
4959 50 87
4960 75 93
4961 64 98
4962 62 100
4963 7 57
4964 6 95
4965 59 19
4966 24 85
4967 20 52
4968 21 61
4969 53 86
4970 62 10
4971 80 96
4972 54 10
4973 72 33
4974 12 46
4975 17 46
4976 35 23
4977 68 2
4978 58 0
4979 100 100
4980 56 45
4981 62 29
4982 40 0
4983 57 9
4984 39 57
4985 29 92
4986 10 73
4987 87 92
4988 92 15
4989 38 30
4990 87 76
4991 93 70
4992 43 41
4993 78 84
4994 4 74
4995 20 48
4996 24 60
4997 13 7
4998 87 23
4999 61 1
5000 86 10
5001 6 80
5002 39 78
5003 54 90
5004 71 48
5005 68 24
5006 43 58
5007 15 76
5008 90 6
5009 84 100
5010 15 51
5011 57 60
5012 23 46
5013 73 61
5014 88 75
5015 49 25
5016 66 83
5017 95 80
5018 65 23
5019 31 75
5020 71 56
5021 95 63
5022 44 24
5023 83 97
5024 67 44
5025 44 18
5026 77 22
5027 71 34
5028 85 82
5029 39 62
5030 24 65
5031 48 97
5032 46 53
5033 66 88
5034 84 17
5035 74 4
5036 64 58
5037 3 24
5038 77 36
5039 44 18
5040 23 64
5041 29 96
5042 16 39
5043 37 39
5044 80 40
5045 36 16
5046 70 80
5047 70 50
5048 63 49
5049 15 86
5050 2 85
5051 92 30
5052 86 47
5053 69 46
5054 88 83
5055 95 41
5056 45 93
5057 84 94
5058 45 45
5059 40 43
5060 11 94
5061 22 23
5062 17 24
5063 79 14
5064 21 1
5065 16 88
5066 25 89
5067 14 17
5068 19 92
5069 20 99
5070 69 24
5071 89 53
5072 84 64
5073 77 80
5074 28 69
5075 35 23
5076 6 17
5077 83 100
5078 99 39
5079 92 40
5080 77 90
5081 59 73
5082 74 38
5083 88 17
5084 44 13
5085 34 58
5086 71 67
5087 93 15
5088 19 96
5089 1 99
5090 87 26
5091 64 13
5092 51 16
5093 83 73
5094 32 3
5095 65 30
5096 85 3
5097 98 45
5098 97 71
5099 53 62
5100 58 12
5101 87 47
5102 90 20
5103 65 86
5104 10 75
5105 71 96
5106 53 57
5107 21 45
5108 83 94
5109 100 48
5110 7 15
5111 94 57
5112 66 76
5113 17 69
5114 94 91
5115 77 66
5116 99 60
5117 73 33
5118 98 72
5119 62 66
5120 30 58
5121 27 35
5122 85 44
5123 46 43
5124 32 89
5125 10 68
5126 91 12
5127 35 62
5128 82 48
5129 4 46
5130 59 69
5131 21 9
5132 70 50
5133 62 85
5134 80 17
5135 86 2
5136 79 23
5137 75 42
5138 46 94
5139 35 52
5140 16 90
5141 32 21
5142 37 78
5143 41 37
5144 1 75
5145 76 30
5146 83 62
5147 83 23
5148 94 7
5149 68 45
5150 51 15
5151 17 73
5152 45 41
5153 15 33
5154 1 86
5155 93 66
5156 48 24
5157 78 39
5158 34 7
5159 87 29
5160 69 72
5161 54 26
5162 85 43
5163 91 7
5164 58 54
5165 78 59
5166 84 97
5167 93 27
5168 3 33
5169 29 15
5170 15 88
5171 81 12
5172 9 18
5173 36 96
5174 51 40
5175 33 44
5176 68 91
5177 64 40
5178 0 83
5179 48 28
5180 59 40
5181 53 37
5182 97 22
5183 36 97
5184 52 64
5185 26 38
5186 85 37
5187 53 55
5188 28 8
5189 45 26
5190 55 63
5191 51 78
5192 57 51
5193 83 47
5194 81 93
5195 68 20
5196 26 18
5197 24 43
5198 3 71
5199 28 95
5200 32 59
5201 68 65
5202 25 47
5203 54 91
5204 41 16
5205 21 22
5206 95 62
5207 98 61
5208 88 6
5209 60 28
5210 30 41
5211 11 63
5212 70 90
5213 65 82
5214 79 41
5215 37 33
5216 28 74
5217 50 61
5218 39 16
5219 24 49
5220 7 66
5221 100 3
5222 53 82
5223 62 80
5224 10 70
5225 16 91
5226 0 12
5227 45 92
5228 51 24
5229 38 73
5230 12 56
5231 6 78
5232 56 3
5233 76 95
5234 76 45
5235 1 65
5236 33 22
5237 42 100
5238 56 64
5239 21 76
5240 63 38
5241 17 30
5242 44 40
5243 30 8
5244 77 55
5245 5 15
5246 3 54
5247 5 29
5248 86 31
5249 38 66
5250 21 8
5251 32 38
5252 15 2
5253 95 81
5254 67 72
5255 33 41
5256 41 37
5257 61 98
5258 7 20
5259 36 86
5260 5 33
5261 34 97
5262 42 80
5263 57 31
5264 45 64
5265 98 48
5266 20 57
5267 10 64
5268 96 5
5269 73 71
5270 10 6
5271 74 37
5272 8 35
5273 88 7
5274 11 33
5275 47 49
5276 75 40
5277 89 58
5278 76 25
5279 11 65
5280 98 63
5281 55 57
5282 100 51
5283 21 35
5284 4 58
5285 16 35
5286 92 9
5287 71 35
5288 8 21
5289 16 99
5290 98 17
5291 91 56
5292 78 0
5293 13 58
5294 42 87
5295 58 62
5296 74 77
5297 44 2
5298 67 84
5299 49 86
5300 36 60
5301 34 98
5302 38 3
5303 58 85
5304 74 73
5305 52 93
5306 46 73
5307 1 49
5308 25 16
5309 3 54
5310 21 12
5311 16 11
5312 80 40
5313 37 97
5314 0 21
5315 1 26
5316 37 82
5317 26 57
5318 96 88
5319 55 58
5320 92 99
5321 46 0
5322 11 20
5323 55 22
5324 69 26
5325 6 46
5326 96 81
5327 81 27
5328 66 42
5329 46 46
5330 93 16
5331 61 0
5332 95 77
5333 46 48
5334 9 85
5335 17 42
5336 42 4
5337 100 98
5338 30 6
5339 12 30
5340 51 83
5341 23 34
5342 3 52
5343 39 88
5344 9 2
5345 80 58
5346 77 24
5347 16 21
5348 98 54
5349 33 31
5350 42 54
5351 5 97
5352 10 63
5353 56 40
5354 78 9
5355 80 90
5356 90 17
5357 15 81
5358 24 69
5359 83 46
5360 62 26
5361 99 71
5362 48 62
5363 67 98
5364 11 65
5365 1 77
5366 54 47
5367 13 53
5368 31 87
5369 8 5
5370 35 25
5371 51 83
5372 77 41
5373 67 33
5374 98 19
5375 0 35
5376 31 27
5377 19 6
5378 68 49
5379 43 32
5380 42 54
5381 55 43
5382 65 100
5383 24 93
5384 48 19
5385 19 22
5386 38 60
5387 83 13
5388 54 36
5389 1 48
5390 44 82
5391 20 82
5392 23 12
5393 74 62
5394 59 76
5395 30 57
5396 50 59
5397 13 7
5398 29 5
5399 89 17
5400 30 80
5401 42 71
5402 3 67
5403 78 72
5404 37 87
5405 72 34
5406 31 83
5407 52 7
5408 67 27
5409 43 42
5410 72 27
5411 68 85
5412 60 4
5413 65 68
5414 7 28
5415 55 91
5416 80 90
5417 3 79
5418 64 92
5419 98 67
5420 9 11
5421 60 59
5422 58 11
5423 72 32
5424 92 7
5425 67 11
5426 7 18
5427 45 15
5428 67 89
5429 99 14
5430 82 6
5431 96 94
5432 62 62
5433 37 15
5434 84 41
5435 73 15
5436 42 32
5437 36 75
5438 37 50
5439 47 63
5440 27 61
5441 17 4
5442 93 80
5443 32 65
5444 60 63
5445 75 49
5446 20 89
5447 3 95
5448 68 75
5449 15 22
5450 51 48
5451 98 73
5452 70 18
5453 53 29
5454 32 22
5455 29 53
5456 99 35
5457 6 62
5458 81 65
5459 44 44
5460 99 12
5461 0 96
5462 27 9
5463 98 45
5464 5 89
5465 39 55
5466 58 35
5467 89 90
5468 54 100
5469 80 11
5470 81 6
5471 47 26
5472 55 25
5473 15 4
5474 87 89
5475 25 50
5476 15 21
5477 25 91
5478 59 83
5479 0 76
5480 88 75
5481 61 37
5482 24 84
5483 2 81
5484 79 64
5485 82 20
5486 72 98
5487 87 2
5488 99 78
5489 88 76
5490 82 36
5491 87 33
5492 33 70
5493 22 67
5494 77 15
5495 96 2
5496 91 72
5497 92 81
5498 71 47
5499 82 13
5500 12 68
5501 6 8
5502 0 10
5503 41 59
5504 29 44
5505 34 1
5506 37 70
5507 32 21
5508 57 52
5509 73 72
5510 73 0
5511 84 15
5512 58 38
5513 43 59
5514 85 28
5515 77 90
5516 79 30
5517 86 93
5518 98 43
5519 76 49
5520 14 66
5521 1 3
5522 5 24
5523 18 72
5524 64 36
5525 14 27
5526 34 39
5527 68 23
5528 84 83
5529 32 15
5530 15 96
5531 2 35
5532 93 24
5533 96 10
5534 96 12
5535 17 81
5536 22 32
5537 85 12
5538 16 68
5539 24 31
5540 4 81
5541 53 89
5542 28 64
5543 47 72
5544 57 48
5545 8 6
5546 50 95
5547 33 34
5548 96 7
5549 51 54
5550 19 41
5551 55 79
5552 18 9
5553 66 31
5554 87 19
5555 56 67
5556 22 77
5557 100 60
5558 62 13
5559 85 21
5560 39 35
5561 57 64
5562 75 71
5563 72 69
5564 37 45
5565 4 97
5566 57 3
5567 85 43
5568 7 92
5569 50 47
5570 60 54
5571 86 90
5572 3 73
5573 28 36
5574 32 66
5575 0 77
5576 61 99
5577 42 81
5578 62 86
5579 80 65
5580 79 54
5581 34 0
5582 33 40
5583 71 41
5584 59 30
5585 38 49
5586 48 63
5587 19 83
5588 12 19
5589 79 40
5590 60 61
5591 44 71
5592 90 7
5593 19 17
5594 37 46
5595 72 41
5596 27 90
5597 56 5
5598 73 82
5599 81 80
5600 69 40
5601 28 4
5602 63 55
5603 62 24
5604 94 65
5605 40 0
5606 24 80
5607 7 86
5608 69 43
5609 48 10
5610 24 69
5611 82 33
5612 59 86
5613 55 19
5614 97 87
5615 24 95
5616 98 80
5617 32 48
5618 27 36
5619 54 26
5620 98 91
5621 75 4
5622 26 61
5623 65 42
5624 14 73
5625 54 89
5626 69 26
5627 80 84
5628 99 29
5629 34 81
5630 9 41
5631 57 8
5632 6 95
5633 83 80
5634 98 92
5635 83 89
5636 49 40
5637 4 27
5638 85 59
5639 79 22
5640 18 65
5641 73 8
5642 32 36
5643 58 63
5644 3 58
5645 84 23
5646 2 99
5647 5 59
5648 23 30
5649 96 9
5650 32 92
5651 13 83
5652 95 21
5653 2 86
5654 8 72
5655 42 9
5656 82 60
5657 14 38
5658 10 98
5659 99 15
5660 46 57
5661 8 69
5662 71 25
5663 67 16
5664 37 77
5665 77 66
5666 59 77
5667 85 21
5668 32 90
5669 72 49
5670 80 44
5671 24 70
5672 58 28
5673 22 39
5674 49 59
5675 73 7
5676 75 13
5677 3 51
5678 30 56
5679 30 70
5680 75 81
5681 70 89
5682 31 65
5683 79 12
5684 17 0
5685 79 39
5686 2 52
5687 2 2
5688 75 6
5689 4 83
5690 8 59
5691 89 32
5692 53 33
5693 90 58
5694 0 8
5695 77 47
5696 26 82
5697 34 76
5698 20 51
5699 49 47
5700 8 1
5701 46 27
5702 76 17
5703 77 7
5704 43 62
5705 51 83
5706 64 75
5707 33 30
5708 30 65
5709 1 91
5710 87 26
5711 64 82
5712 19 44
5713 10 44
5714 22 33
5715 8 2
5716 80 87
5717 50 9
5718 81 31
5719 40 79
5720 52 18
5721 48 67
5722 22 48
5723 44 20
5724 64 81
5725 6 46
5726 58 25
5727 66 95
5728 53 84
5729 80 80
5730 58 0
5731 18 47
5732 81 32
5733 64 80
5734 41 67
5735 18 95
5736 36 7
5737 33 38
5738 21 26
5739 26 21
5740 84 43
5741 0 55
5742 63 75
5743 60 90
5744 74 19
5745 72 59
5746 71 56
5747 67 62
5748 59 56
5749 67 33
5750 80 37
5751 71 39
5752 27 21
5753 47 88
5754 13 31
5755 36 72
5756 45 53
5757 73 0
5758 68 34
5759 93 89
5760 57 8
5761 81 4
5762 22 39
5763 98 14
5764 39 56
5765 26 75
5766 79 16
5767 15 82
5768 76 30
5769 4 34
5770 54 47
5771 81 80
5772 63 27
5773 56 46
5774 54 44
5775 1 38
5776 86 36
5777 20 68
5778 64 49
5779 62 27
5780 9 89
5781 74 78
5782 100 5
5783 12 77
5784 32 83
5785 16 73
5786 40 2
5787 92 77
5788 47 78
5789 10 42
5790 72 68
5791 68 59
5792 84 28
5793 34 33
5794 2 40
5795 96 0
5796 83 5
5797 55 93
5798 89 3
5799 14 70
5800 3 21
5801 94 94
5802 78 77
5803 0 69
5804 45 90
5805 44 37
5806 51 29
5807 17 61
5808 76 4
5809 15 32
5810 83 54
5811 12 86
5812 7 51
5813 69 85
5814 4 51
5815 11 0
5816 93 31
5817 17 7
5818 29 84
5819 92 63
5820 94 17
5821 56 18
5822 94 58
5823 25 9
5824 70 5
5825 46 95
5826 1 57
5827 7 60
5828 52 52
5829 22 18
5830 34 29
5831 63 90
5832 83 10
5833 30 44
5834 96 15
5835 38 71
5836 32 34
5837 26 19
5838 13 8
5839 27 62
5840 8 60
5841 60 54
5842 97 4
5843 36 41
5844 40 42
5845 8 97
5846 97 37
5847 24 10
5848 62 3
5849 75 88
5850 36 48
5851 39 4
5852 5 76
5853 47 71
5854 2 17
5855 99 27
5856 74 73
5857 36 61
5858 12 20
5859 56 74
5860 74 28
5861 74 63
5862 21 72
5863 77 23
5864 53 52
5865 69 94
5866 71 93
5867 88 100
5868 48 29
5869 85 73
5870 10 84
5871 67 36
5872 69 89
5873 7 35
5874 28 82
5875 37 42
5876 58 81
5877 96 99
5878 61 91
5879 19 63
5880 39 69
5881 9 40
5882 84 40
5883 49 93
5884 52 65
5885 84 52
5886 37 27
5887 91 51
5888 38 45
5889 12 55
5890 54 10
5891 96 46
5892 36 88
5893 61 25
5894 90 41
5895 73 71
5896 72 90
5897 93 39
5898 54 68
5899 37 42
5900 15 44
5901 80 88
5902 60 50
5903 38 40
5904 65 80
5905 71 74
5906 16 7
5907 32 56
5908 20 64
5909 75 40
5910 74 4
5911 42 31
5912 15 74
5913 76 9
5914 66 62
5915 80 84
5916 64 39
5917 38 90
5918 19 25
5919 23 69
5920 37 46
5921 40 35
5922 1 85
5923 47 12
5924 39 66
5925 26 40
5926 6 96
5927 80 9
5928 83 65
5929 53 68
5930 54 99
5931 94 85
5932 58 42
5933 79 27
5934 82 1
5935 61 74
5936 1 37
5937 58 90
5938 77 48
5939 70 5
5940 87 25
5941 2 89
5942 79 8
5943 53 34
5944 29 49
5945 12 9
5946 86 38
5947 59 34
5948 83 33
5949 4 6
5950 99 57
5951 72 24
5952 3 6
5953 49 44
5954 44 33
5955 89 57
5956 4 27
5957 5 29
5958 43 81
5959 90 44
5960 68 34
5961 29 50
5962 75 86
5963 81 89
5964 85 75
5965 21 98
5966 65 57
5967 41 90
5968 31 19
5969 84 26
5970 35 8
5971 99 48
5972 5 17
5973 34 15
5974 41 83
5975 83 91
5976 50 43
5977 52 46
5978 26 48
5979 21 70
5980 37 99
5981 79 83
5982 64 45
5983 73 88
5984 63 40
5985 100 31
5986 62 77
5987 27 69
5988 81 4
5989 78 100
5990 67 66
5991 26 94
5992 61 32
5993 50 87
5994 84 89
5995 94 53
5996 59 48
5997 92 100
5998 73 31
5999 27 76
EOF
