NODE_COORD_SECTION
0 50 50
1 25 96
2 80 19
3 51 64
4 10 92
5 74 43
6 57 17
7 51 17
8 89 0
9 52 35
10 90 90
11 96 65
12 24 61
13 13 64
14 95 97
15 42 38
16 47 93
17 20 37
18 43 14
19 48 97
20 7 86
21 32 1
22 86 77
23 64 41
24 5 90
25 66 65
26 81 38
27 63 98
28 92 54
29 86 62
30 39 69
31 84 65
32 59 54
33 81 27
34 88 69
35 25 54
36 20 31
37 79 25
38 24 56
39 3 12
40 22 50
41 100 95
42 78 45
43 5 92
44 33 67
45 32 84
46 56 68
47 81 21
48 40 60
49 83 56
50 29 53
51 39 78
52 49 27
53 28 28
54 11 46
55 42 7
56 48 43
57 18 6
58 69 59
59 56 87
60 34 87
61 49 11
62 36 12
63 34 73
64 81 42
65 85 46
66 86 14
67 25 57
68 100 32
69 39 27
70 71 65
71 87 25
72 2 98
73 76 53
74 91 86
75 67 48
76 83 43
77 9 61
78 28 13
79 66 81
80 39 83
81 10 98
82 32 81
83 84 23
84 22 30
85 53 79
86 25 17
87 22 78
88 63 96
89 8 23
90 11 45
91 7 6
92 19 50
93 83 9
94 45 44
95 83 68
96 87 65
97 26 82
98 96 43
99 6 95
100 91 54
101 40 56
102 71 68
103 6 24
104 29 12
105 69 22
106 80 31
107 24 19
108 36 80
109 97 76
110 87 93
111 69 79
112 66 98
113 80 95
114 38 40
115 78 97
116 81 43
117 87 51
118 1 59
119 25 39
120 51 4
121 96 80
122 79 97
123 79 93
124 22 79
125 38 8
126 25 94
127 71 76
128 88 43
129 64 11
130 72 63
131 61 67
132 49 81
133 99 96
134 1 29
135 5 41
136 22 44
137 54 86
138 30 48
139 79 78
140 67 68
141 80 47
142 52 18
143 30 76
144 46 84
145 49 54
146 77 20
147 12 41
148 33 62
149 31 61
150 88 49
151 3 75
152 98 83
153 43 92
154 67 50
155 16 99
156 90 23
157 53 53
158 10 10
159 57 24
160 37 48
161 39 91
162 25 35
163 58 55
164 27 18
165 84 10
166 48 5
167 81 75
168 32 17
169 8 9
170 98 5
171 45 91
172 71 8
173 37 91
174 84 27
175 86 78
176 7 13
177 59 82
178 60 63
179 62 76
180 42 91
181 67 23
182 71 43
183 71 12
184 69 40
185 0 87
186 38 33
187 26 83
188 24 38
189 12 79
190 71 63
191 31 1
192 39 7
193 88 48
194 35 41
195 37 31
196 51 69
197 74 8
198 41 61
199 37 86
200 75 0
201 33 83
202 43 33
203 24 38
204 44 52
205 19 81
206 39 84
207 85 42
208 20 14
209 66 87
210 80 19
211 75 82
212 66 38
213 18 21
214 77 79
215 81 6
216 45 59
217 83 25
218 59 66
219 90 56
220 57 23
221 5 2
222 26 18
223 74 46
224 12 62
225 11 44
226 95 39
227 70 62
228 35 16
229 90 98
230 46 60
231 77 3
232 37 77
233 38 48
234 25 33
235 89 40
236 79 27
237 79 84
238 64 71
239 80 67
240 10 13
241 10 83
242 93 32
243 2 41
244 42 74
245 10 87
246 79 42
247 93 59
248 40 0
249 46 7
250 27 25
251 76 20
252 78 51
253 98 75
254 2 31
255 7 89
256 6 26
257 19 18
258 38 42
259 36 81
260 86 96
261 4 63
262 55 34
263 62 27
264 65 22
265 53 38
266 40 32
267 96 82
268 6 28
269 21 83
270 0 95
271 85 74
272 35 20
273 81 96
274 8 52
275 47 61
276 43 5
277 58 39
278 99 30
279 23 90
280 25 82
281 37 30
282 40 90
283 66 15
284 23 69
285 12 45
286 65 47
287 72 3
288 67 9
289 47 41
290 71 13
291 26 78
292 38 85
293 50 54
294 99 68
295 54 68
296 63 25
297 35 48
298 55 13
299 16 35
300 25 26
301 38 59
302 66 61
303 12 77
304 72 74
305 94 51
306 40 11
307 95 49
308 63 14
309 69 66
310 44 80
311 74 20
312 63 54
313 63 91
314 83 54
315 77 7
316 78 15
317 19 51
318 27 45
319 39 37
320 7 64
321 38 61
322 61 44
323 55 49
324 0 88
325 37 56
326 45 53
327 34 83
328 87 50
329 76 23
330 3 79
331 81 64
332 24 51
333 1 62
334 31 12
335 18 59
336 75 94
337 49 59
338 11 5
339 32 58
340 18 38
341 68 78
342 35 59
343 70 71
344 40 41
345 28 30
346 26 38
347 0 7
348 69 54
349 29 34
350 37 11
351 91 93
352 74 22
353 85 62
354 19 73
355 8 52
356 22 22
357 36 52
358 5 72
359 2 59
360 63 16
361 100 71
362 94 34
363 49 49
364 24 19
365 87 47
366 26 59
367 95 46
368 85 21
369 47 17
370 66 67
371 19 6
372 24 24
373 62 63
374 22 41
375 24 18
376 45 63
377 53 83
378 91 61
379 42 88
380 79 50
381 84 88
382 25 69
383 22 55
384 48 23
385 59 92
386 50 65
387 21 63
388 65 17
389 21 42
390 21 82
391 81 29
392 15 74
393 40 53
394 4 60
395 15 1
396 55 56
397 31 50
398 6 54
399 45 31
400 16 33
401 36 52
402 28 13
403 49 30
404 73 9
405 95 61
406 34 36
407 100 47
408 26 75
409 74 52
410 67 5
411 91 40
412 50 23
413 0 14
414 68 12
415 8 40
416 97 53
417 15 54
418 91 33
419 79 5
420 62 22
421 98 48
422 77 68
423 59 89
424 82 10
425 92 73
426 22 57
427 61 24
428 46 62
429 28 98
430 76 8
431 2 100
432 93 35
433 35 41
434 75 86
435 89 29
436 26 7
437 25 72
438 39 16
439 53 2
440 16 96
441 89 46
442 60 19
443 70 93
444 31 38
445 44 20
446 18 6
447 37 19
448 85 81
449 40 59
450 66 36
451 40 58
452 25 65
453 68 77
454 14 93
455 69 82
456 98 46
457 86 90
458 22 63
459 72 43
460 10 81
461 30 50
462 26 65
463 77 89
464 92 35
465 19 67
466 24 27
467 96 81
468 95 4
469 70 35
470 90 94
471 36 0
472 61 0
473 91 42
474 97 48
475 84 91
476 72 69
477 76 75
478 83 18
479 43 43
480 8 88
481 37 41
482 25 58
483 39 50
484 73 75
485 24 65
486 8 44
487 57 18
488 42 11
489 82 4
490 82 65
491 5 14
492 9 47
493 22 79
494 63 9
495 90 86
496 67 8
497 76 37
498 70 91
499 67 62
500 49 56
501 70 50
502 38 9
503 15 11
504 48 61
505 12 30
506 58 65
507 63 39
508 19 16
509 67 96
510 80 73
511 23 79
512 34 64
513 57 25
514 23 47
515 8 67
516 45 57
517 5 59
518 83 83
519 4 28
520 2 23
521 67 88
522 79 77
523 5 22
524 76 68
525 29 98
526 40 74
527 67 75
528 12 43
529 64 3
530 2 20
531 15 66
532 47 64
533 44 82
534 18 85
535 23 49
536 16 40
537 10 53
538 95 60
539 18 100
540 70 10
541 0 67
542 4 47
543 80 81
544 23 51
545 72 54
546 92 69
547 31 54
548 55 63
549 97 50
550 78 54
551 34 44
552 84 94
553 42 7
554 23 94
555 67 7
556 77 63
557 37 37
558 97 44
559 47 97
560 37 15
561 91 53
562 2 6
563 15 55
564 88 26
565 34 75
566 74 92
567 75 96
568 13 62
569 67 14
570 84 14
571 77 24
572 70 71
573 7 53
574 48 72
575 99 98
576 86 31
577 69 90
578 70 92
579 46 58
580 69 55
581 11 37
582 13 90
583 97 87
584 90 50
585 26 23
586 55 2
587 15 54
588 53 85
589 29 98
590 91 54
591 10 92
592 57 36
593 100 48
594 75 35
595 7 69
596 0 82
597 41 73
598 41 64
599 18 29
600 35 58
601 23 91
602 57 6
603 57 99
604 97 69
605 25 12
606 18 73
607 35 39
608 14 50
609 10 65
610 57 70
611 19 84
612 84 75
613 16 0
614 11 29
615 23 60
616 82 96
617 22 83
618 69 2
619 98 36
620 93 84
621 36 59
622 78 78
623 38 59
624 50 57
625 36 1
626 8 33
627 76 6
628 5 60
629 63 6
630 20 79
631 48 37
632 3 43
633 91 57
634 70 56
635 78 100
636 95 15
637 76 45
638 60 36
639 70 49
640 61 24
641 49 58
642 53 65
643 88 27
644 54 86
645 81 8
646 5 43
647 50 43
648 97 57
649 27 75
650 11 78
651 14 70
652 17 27
653 99 88
654 1 17
655 89 81
656 62 41
657 59 79
658 78 61
659 78 74
660 77 3
661 79 27
662 15 54
663 97 41
664 75 65
665 73 40
666 84 22
667 12 91
668 100 22
669 74 54
670 97 69
671 99 69
672 14 59
673 45 16
674 40 91
675 48 52
676 92 24
677 28 68
678 30 18
679 14 79
680 62 33
681 69 0
682 48 54
683 46 2
684 30 70
685 61 14
686 97 62
687 32 22
688 26 91
689 47 6
690 1 81
691 83 95
692 100 96
693 92 25
694 10 16
695 2 23
696 37 20
697 50 51
698 99 54
699 80 72
700 91 79
701 88 63
702 41 19
703 57 25
704 78 40
705 17 68
706 33 73
707 48 21
708 21 68
709 2 36
710 94 64
711 18 42
712 35 93
713 66 27
714 49 51
715 100 38
716 98 93
717 53 85
718 47 20
719 54 23
720 4 56
721 26 4
722 44 69
723 5 66
724 94 62
725 25 30
726 99 7
727 89 48
728 71 71
729 88 67
730 82 100
731 84 14
732 37 23
733 71 10
734 66 86
735 38 57
736 63 69
737 10 70
738 49 96
739 39 89
740 46 56
741 38 32
742 71 80
743 95 55
744 61 70
745 19 24
746 26 89
747 49 7
748 66 59
749 4 96
750 25 57
751 51 100
752 42 71
753 54 80
754 68 25
755 46 30
756 58 50
757 36 25
758 76 44
759 7 77
760 56 45
761 46 17
762 1 35
763 31 27
764 89 91
765 26 27
766 3 65
767 19 27
768 50 57
769 16 80
770 57 8
771 33 53
772 5 22
773 76 41
774 44 63
775 80 0
776 9 84
777 75 24
778 26 32
779 60 42
780 22 11
781 27 75
782 70 74
783 41 6
784 48 85
785 55 80
786 49 68
787 61 91
788 94 46
789 81 89
790 86 79
791 94 71
792 16 13
793 37 87
794 69 53
795 85 62
796 7 9
797 28 32
798 73 36
799 78 85
800 90 4
801 72 89
802 49 90
803 81 9
804 30 61
805 64 25
806 61 1
807 93 91
808 84 24
809 0 24
810 69 99
811 42 15
812 34 31
813 71 34
814 39 100
815 16 80
816 24 95
817 49 4
818 55 64
819 37 4
820 2 4
821 57 46
822 18 99
823 93 98
824 85 88
825 19 28
826 77 45
827 72 54
828 10 2
829 20 72
830 99 26
831 61 63
832 40 19
833 14 91
834 22 63
835 8 38
836 37 77
837 61 74
838 60 10
839 18 36
840 46 11
841 10 57
842 13 77
843 19 21
844 41 71
845 17 19
846 16 42
847 57 30
848 69 43
849 18 78
850 73 13
851 88 40
852 85 61
853 97 2
854 43 21
855 76 38
856 82 69
857 7 70
858 30 46
859 43 5
860 77 86
861 67 44
862 73 57
863 9 11
864 48 6
865 58 75
866 57 17
867 75 37
868 34 81
869 75 49
870 98 39
871 40 22
872 63 13
873 87 3
874 94 73
875 10 35
876 53 22
877 38 79
878 14 23
879 72 88
880 6 44
881 58 55
882 69 63
883 9 85
884 97 93
885 68 59
886 0 29
887 55 71
888 24 96
889 88 54
890 70 22
891 33 19
892 54 81
893 98 18
894 45 48
895 21 89
896 32 74
897 34 49
898 92 77
899 7 12
900 52 60
901 85 40
902 51 25
903 18 98
904 87 38
905 79 88
906 82 12
907 88 68
908 32 32
909 52 11
910 76 14
911 69 19
912 14 26
913 16 73
914 49 95
915 61 52
916 88 4
917 38 94
918 6 62
919 47 97
920 44 98
921 37 83
922 57 96
923 44 34
924 92 2
925 22 87
926 96 9
927 56 97
928 45 6
929 89 38
930 10 1
931 54 87
932 98 35
933 74 32
934 17 68
935 91 53
936 66 54
937 99 60
938 31 56
939 57 29
940 13 26
941 71 19
942 71 75
943 80 63
944 26 39
945 79 32
946 92 92
947 82 94
948 30 68
949 13 38
950 23 79
951 69 29
952 85 85
953 58 59
954 49 46
955 90 37
956 68 49
957 69 87
958 88 32
959 16 55
960 39 62
961 96 54
962 63 9
963 37 37
964 42 12
965 59 46
966 62 38
967 40 37
968 90 18
969 98 41
970 96 35
971 61 95
972 72 9
973 75 96
974 60 15
975 50 81
976 34 59
977 22 80
978 64 0
979 44 40
980 10 37
981 98 1
982 85 90
983 13 53
984 20 31
985 14 40
986 56 48
987 81 86
988 74 34
989 63 46
990 2 42
991 39 49
992 52 64
993 2 65
994 83 82
995 84 24
996 78 16
997 23 70
998 72 93
999 95 31
1000 67 43
1001 33 88
1002 34 93
1003 77 74
1004 16 21
1005 53 2
1006 9 73
1007 91 66
1008 22 22
1009 5 95
1010 73 56
1011 1 11
1012 52 10
1013 73 6
1014 34 54
1015 41 19
1016 79 68
1017 75 43
1018 89 53
1019 35 10
1020 73 10
1021 33 29
1022 25 71
1023 67 52
1024 99 97
1025 1 5
1026 76 55
1027 23 86
1028 66 76
1029 25 80
1030 46 49
1031 52 60
1032 48 73
1033 3 34
1034 93 35
1035 91 66
1036 13 83
1037 20 74
1038 10 12
1039 43 44
1040 72 55
1041 31 95
1042 72 34
1043 27 37
1044 89 47
1045 19 99
1046 32 40
1047 79 61
1048 2 25
1049 33 50
1050 100 67
1051 41 48
1052 85 79
1053 11 71
1054 75 51
1055 0 54
1056 89 90
1057 74 73
1058 2 45
1059 64 92
1060 20 30
1061 20 38
1062 27 53
1063 48 85
1064 57 37
1065 9 44
1066 27 26
1067 66 6
1068 79 87
1069 46 38
1070 68 52
1071 3 29
1072 32 16
1073 49 24
1074 46 23
1075 93 77
1076 22 43
1077 54 12
1078 40 4
1079 11 21
1080 77 40
1081 0 33
1082 87 20
1083 23 39
1084 60 76
1085 62 50
1086 8 62
1087 73 43
1088 42 30
1089 35 50
1090 0 25
1091 18 57
1092 0 52
1093 0 45
1094 83 35
1095 14 46
1096 61 24
1097 37 46
1098 56 81
1099 96 41
1100 88 68
1101 88 53
1102 28 21
1103 29 67
1104 46 40
1105 93 83
1106 58 3
1107 16 88
1108 80 67
1109 61 68
1110 96 58
1111 80 84
1112 44 81
1113 83 20
1114 9 29
1115 49 80
1116 30 3
1117 88 40
1118 82 10
1119 8 30
1120 37 74
1121 89 61
1122 39 27
1123 40 59
1124 13 56
1125 63 76
1126 54 55
1127 48 10
1128 72 31
1129 35 33
1130 56 41
1131 25 21
1132 77 97
1133 91 85
1134 57 88
1135 31 44
1136 10 17
1137 100 82
1138 60 20
1139 83 77
1140 77 85
1141 2 77
1142 31 78
1143 27 39
1144 69 82
1145 48 54
1146 23 63
1147 94 22
1148 3 78
1149 48 86
1150 82 98
1151 23 96
1152 17 65
1153 25 63
1154 18 49
1155 79 79
1156 42 94
1157 98 70
1158 100 92
1159 35 82
1160 88 35
1161 43 89
1162 52 87
1163 50 80
1164 40 64
1165 74 28
1166 31 18
1167 95 10
1168 21 18
1169 33 66
1170 55 7
1171 7 36
1172 60 21
1173 38 9
1174 14 14
1175 96 21
1176 63 52
1177 18 43
1178 75 73
1179 49 27
1180 26 68
1181 90 80
1182 36 54
1183 64 96
1184 28 69
1185 1 54
1186 45 18
1187 26 28
1188 84 28
1189 9 83
1190 80 74
1191 91 94
1192 39 57
1193 76 11
1194 61 86
1195 84 44
1196 2 65
1197 26 39
1198 6 99
1199 93 39
1200 91 75
1201 17 27
1202 34 66
1203 92 56
1204 18 0
1205 29 79
1206 9 60
1207 2 17
1208 38 41
1209 11 6
1210 15 34
1211 22 84
1212 30 61
1213 82 38
1214 12 30
1215 10 79
1216 54 64
1217 85 24
1218 51 20
1219 40 56
1220 57 40
1221 17 8
1222 41 65
1223 35 78
1224 73 48
1225 42 29
1226 56 21
1227 18 95
1228 47 98
1229 96 56
1230 40 55
1231 63 57
1232 95 92
1233 27 50
1234 28 7
1235 37 40
1236 53 71
1237 7 86
1238 21 57
1239 0 66
1240 20 19
1241 43 93
1242 59 96
1243 63 25
1244 51 66
1245 95 89
1246 100 82
1247 93 6
1248 36 53
1249 0 77
1250 62 42
1251 96 37
1252 43 10
1253 17 83
1254 97 90
1255 76 43
1256 50 52
1257 77 77
1258 58 27
1259 64 75
1260 100 71
1261 79 46
1262 48 57
1263 87 45
1264 57 88
1265 28 87
1266 48 78
1267 84 23
1268 18 35
1269 89 63
1270 51 76
1271 19 4
1272 85 62
1273 4 90
1274 76 68
1275 29 43
1276 11 55
1277 24 3
1278 30 65
1279 85 100
1280 86 50
1281 12 8
1282 45 98
1283 80 32
1284 100 5
1285 55 65
1286 57 99
1287 26 11
1288 37 60
1289 22 12
1290 41 2
1291 40 15
1292 73 57
1293 93 16
1294 34 5
1295 97 20
1296 45 24
1297 92 0
1298 69 14
1299 3 61
1300 86 100
1301 82 64
1302 48 85
1303 46 23
1304 18 28
1305 86 60
1306 65 93
1307 51 67
1308 21 53
1309 73 11
1310 65 80
1311 59 25
1312 12 43
1313 40 13
1314 95 47
1315 89 96
1316 46 96
1317 1 84
1318 77 20
1319 5 96
1320 7 34
1321 96 26
1322 28 97
1323 53 85
1324 96 75
1325 29 19
1326 79 4
1327 49 39
1328 97 98
1329 1 65
1330 47 55
1331 33 51
1332 48 34
1333 100 78
1334 96 53
1335 61 95
1336 13 31
1337 28 43
1338 15 57
1339 22 39
1340 56 67
1341 44 20
1342 0 36
1343 71 81
1344 61 22
1345 40 92
1346 77 34
1347 73 15
1348 66 34
1349 0 90
1350 36 58
1351 9 65
1352 62 30
1353 8 76
1354 63 94
1355 82 90
1356 52 76
1357 17 91
1358 33 83
1359 0 60
1360 42 17
1361 33 60
1362 80 93
1363 0 0
1364 46 18
1365 90 46
1366 80 14
1367 50 10
1368 77 68
1369 34 95
1370 80 92
1371 19 100
1372 6 25
1373 84 99
1374 12 39
1375 41 70
1376 91 41
1377 32 58
1378 27 73
1379 53 96
1380 57 71
1381 64 1
1382 14 26
1383 10 22
1384 69 31
1385 4 1
1386 2 60
1387 10 42
1388 96 18
1389 34 77
1390 96 88
1391 59 32
1392 27 3
1393 96 81
1394 53 6
1395 73 28
1396 77 57
1397 38 34
1398 5 2
1399 74 85
1400 73 66
1401 36 29
1402 33 57
1403 37 57
1404 70 82
1405 61 14
1406 98 64
1407 84 50
1408 76 38
1409 40 96
1410 2 67
1411 74 44
1412 90 83
1413 83 62
1414 22 52
1415 1 14
1416 61 11
1417 31 73
1418 30 31
1419 63 12
1420 49 63
1421 60 50
1422 38 4
1423 62 62
1424 94 70
1425 78 21
1426 33 34
1427 10 97
1428 15 76
1429 97 42
1430 64 41
1431 73 38
1432 43 61
1433 54 16
1434 9 67
1435 75 3
1436 65 26
1437 14 24
1438 3 79
1439 83 79
1440 33 29
1441 56 70
1442 55 54
1443 58 86
1444 53 27
1445 22 97
1446 26 38
1447 0 46
1448 74 18
1449 14 30
1450 11 16
1451 25 88
1452 93 59
1453 40 33
1454 43 13
1455 12 56
1456 22 90
1457 2 90
1458 9 41
1459 85 60
1460 54 79
1461 70 74
1462 2 68
1463 58 40
1464 24 5
1465 59 2
1466 34 0
1467 68 32
1468 69 16
1469 82 25
1470 79 17
1471 42 61
1472 44 69
1473 27 54
1474 45 83
1475 6 34
1476 67 13
1477 61 16
1478 27 14
1479 85 66
1480 43 86
1481 23 53
1482 83 22
1483 3 0
1484 19 47
1485 55 1
1486 87 63
1487 68 5
1488 49 68
1489 58 25
1490 0 3
1491 99 58
1492 25 71
1493 93 43
1494 42 54
1495 13 92
1496 97 65
1497 14 67
1498 35 89
1499 48 19
1500 13 52
1501 87 92
1502 70 94
1503 54 0
1504 54 58
1505 21 94
1506 30 46
1507 45 19
1508 93 8
1509 66 20
1510 67 93
1511 76 89
1512 0 70
1513 86 90
1514 91 76
1515 13 27
1516 31 27
1517 44 11
1518 68 48
1519 49 32
1520 27 23
1521 62 44
1522 21 67
1523 37 7
1524 0 39
1525 52 9
1526 56 37
1527 32 23
1528 38 69
1529 68 10
1530 85 67
1531 45 42
1532 49 31
1533 19 87
1534 13 53
1535 36 57
1536 16 54
1537 16 96
1538 7 1
1539 85 6
1540 3 95
1541 91 75
1542 54 70
1543 5 73
1544 61 66
1545 46 13
1546 59 41
1547 95 35
1548 62 81
1549 42 100
1550 8 29
1551 75 1
1552 60 25
1553 7 43
1554 10 56
1555 77 96
1556 39 5
1557 54 40
1558 14 4
1559 90 21
1560 14 51
1561 84 73
1562 17 0
1563 31 66
1564 16 42
1565 79 30
1566 76 15
1567 49 100
1568 82 91
1569 92 92
1570 27 40
1571 38 74
1572 81 20
1573 97 12
1574 21 90
1575 6 36
1576 70 56
1577 35 23
1578 36 91
1579 11 100
1580 84 56
1581 4 76
1582 73 11
1583 84 35
1584 66 91
1585 13 78
1586 76 94
1587 15 43
1588 81 1
1589 12 5
1590 30 81
1591 9 17
1592 0 22
1593 29 60
1594 82 9
1595 53 2
1596 92 44
1597 57 20
1598 31 68
1599 56 37
1600 1 14
1601 32 96
1602 36 73
1603 61 30
1604 97 91
1605 36 21
1606 40 57
1607 40 13
1608 27 67
1609 49 66
1610 25 63
1611 67 19
1612 61 98
1613 99 22
1614 78 71
1615 11 88
1616 96 28
1617 63 9
1618 0 99
1619 86 37
1620 84 33
1621 26 64
1622 95 7
1623 28 26
1624 74 83
1625 96 45
1626 69 30
1627 14 2
1628 59 32
1629 85 30
1630 58 55
1631 87 44
1632 0 89
1633 51 96
1634 34 98
1635 12 79
1636 33 78
1637 1 86
1638 9 73
1639 70 1
1640 56 51
1641 15 74
1642 9 6
1643 22 40
1644 9 62
1645 47 10
1646 84 42
1647 67 26
1648 12 58
1649 32 46
1650 1 29
1651 0 48
1652 30 36
1653 86 5
1654 91 47
1655 80 99
1656 45 46
1657 87 58
1658 40 60
1659 7 71
1660 100 52
1661 51 41
1662 100 75
1663 63 23
1664 9 77
1665 85 25
1666 34 25
1667 33 84
1668 83 88
1669 94 57
1670 99 66
1671 46 29
1672 26 94
1673 34 19
1674 45 33
1675 9 100
1676 38 10
1677 96 64
1678 47 17
1679 79 23
1680 1 54
1681 16 65
1682 14 73
1683 23 49
1684 46 29
1685 31 48
1686 58 92
1687 63 91
1688 23 46
1689 73 12
1690 3 7
1691 90 57
1692 45 48
1693 61 61
1694 41 60
1695 46 25
1696 71 65
1697 34 8
1698 81 43
1699 58 2
1700 100 9
1701 3 7
1702 36 9
1703 27 52
1704 74 26
1705 73 4
1706 45 32
1707 29 48
1708 26 49
1709 61 21
1710 13 22
1711 52 89
1712 76 53
1713 98 88
1714 62 36
1715 13 7
1716 73 97
1717 85 93
1718 72 84
1719 39 20
1720 76 69
1721 29 33
1722 44 92
1723 89 98
1724 59 89
1725 9 39
1726 87 60
1727 8 24
1728 70 20
1729 32 8
1730 24 88
1731 56 22
1732 23 88
1733 8 92
1734 11 87
1735 17 39
1736 69 32
1737 18 22
1738 78 55
1739 61 36
1740 22 97
1741 24 14
1742 43 98
1743 35 31
1744 60 21
1745 75 82
1746 1 68
1747 35 19
1748 12 25
1749 10 97
1750 83 27
1751 41 77
1752 28 25
1753 60 10
1754 75 71
1755 97 55
1756 17 41
1757 41 49
1758 53 49
1759 49 15
1760 36 37
1761 51 21
1762 94 87
1763 84 97
1764 82 26
1765 0 88
1766 22 79
1767 75 78
1768 78 49
1769 47 13
1770 3 8
1771 67 66
1772 24 94
1773 3 25
1774 24 23
1775 95 88
1776 85 97
1777 10 24
1778 44 3
1779 80 73
1780 44 43
1781 19 5
1782 0 75
1783 51 52
1784 58 58
1785 14 46
1786 69 89
1787 94 4
1788 82 22
1789 56 97
1790 45 15
1791 62 78
1792 65 5
1793 4 5
1794 3 98
1795 5 11
1796 30 7
1797 78 46
1798 66 99
1799 4 65
1800 58 15
1801 80 27
1802 61 46
1803 98 89
1804 7 64
1805 9 73
1806 16 24
1807 4 35
1808 76 36
1809 10 17
1810 33 78
1811 86 85
1812 49 6
1813 87 7
1814 14 68
1815 28 51
1816 70 83
1817 80 49
1818 20 76
1819 84 43
1820 28 88
1821 40 5
1822 39 40
1823 26 36
1824 54 51
1825 8 76
1826 60 2
1827 97 64
1828 95 46
1829 28 15
1830 72 49
1831 55 28
1832 88 16
1833 40 78
1834 36 11
1835 43 68
1836 72 81
1837 20 4
1838 43 56
1839 20 90
1840 31 86
1841 31 34
1842 52 93
1843 96 14
1844 13 90
1845 28 48
1846 16 65
1847 17 87
1848 80 64
1849 31 11
1850 13 2
1851 11 35
1852 12 68
1853 27 51
1854 58 5
1855 7 5
1856 82 33
1857 48 66
1858 96 47
1859 11 43
1860 65 51
1861 26 26
1862 75 100
1863 19 50
1864 86 94
1865 91 28
1866 10 9
1867 92 44
1868 91 67
1869 86 16
1870 91 29
1871 86 55
1872 3 43
1873 23 5
1874 93 34
1875 19 96
1876 44 53
1877 62 51
1878 63 80
1879 93 58
1880 31 34
1881 6 98
1882 88 4
1883 82 80
1884 84 6
1885 89 48
1886 76 14
1887 27 76
1888 46 88
1889 24 80
1890 97 73
1891 18 5
1892 49 61
1893 69 5
1894 57 82
1895 9 84
1896 49 5
1897 100 100
1898 62 38
1899 23 79
1900 99 4
1901 31 88
1902 80 97
1903 28 32
1904 85 66
1905 85 23
1906 78 89
1907 37 54
1908 37 94
1909 72 71
1910 70 92
1911 72 21
1912 48 49
1913 76 45
1914 69 19
1915 67 80
1916 32 99
1917 40 98
1918 52 61
1919 24 38
1920 27 2
1921 11 36
1922 86 21
1923 4 89
1924 60 91
1925 52 5
1926 90 15
1927 48 67
1928 51 70
1929 65 87
1930 38 95
1931 34 45
1932 61 46
1933 47 5
1934 46 56
1935 33 59
1936 55 76
1937 5 99
1938 99 22
1939 80 47
1940 47 26
1941 26 97
1942 73 85
1943 48 30
1944 2 89
1945 17 57
1946 19 31
1947 41 7
1948 100 78
1949 27 93
1950 65 46
1951 4 61
1952 62 74
1953 84 24
1954 70 47
1955 62 55
1956 3 33
1957 14 53
1958 78 38
1959 54 13
1960 22 60
1961 64 41
1962 78 73
1963 5 45
1964 19 94
1965 60 96
1966 63 83
1967 0 73
1968 91 68
1969 83 48
1970 84 27
1971 44 25
1972 22 61
1973 84 22
1974 27 45
1975 98 17
1976 38 50
1977 3 28
1978 96 68
1979 27 99
1980 62 78
1981 8 83
1982 70 41
1983 72 15
1984 3 12
1985 39 0
1986 13 7
1987 30 96
1988 3 7
1989 37 88
1990 14 71
1991 28 20
1992 95 43
1993 45 63
1994 64 66
1995 81 94
1996 65 19
1997 78 35
1998 80 58
1999 66 18
EOF
