NODE_COORD_SECTION
0 50 50
1 15 43
2 48 11
3 54 37
4 40 6
5 97 44
6 65 35
7 23 13
8 59 33
9 25 54
10 79 72
11 15 66
12 45 95
13 64 92
14 40 61
15 54 43
16 79 78
17 95 49
18 97 86
19 74 67
20 97 12
21 43 29
22 82 47
23 54 93
24 95 27
25 67 18
26 17 73
27 76 56
28 88 31
29 90 42
30 96 79
31 94 67
32 69 4
33 67 4
34 94 60
35 65 26
36 76 37
37 48 26
38 62 39
39 36 63
40 75 29
41 36 21
42 19 95
43 89 39
44 88 38
45 41 97
46 62 0
47 71 56
48 61 89
49 21 96
50 92 54
51 38 73
52 42 37
53 69 13
54 16 88
55 22 81
56 81 25
57 55 86
58 35 83
59 70 32
60 0 5
61 56 6
62 4 79
63 35 77
64 11 69
65 38 22
66 48 45
67 61 84
68 79 25
69 94 64
70 45 13
71 31 34
72 28 1
73 12 13
74 5 96
75 51 56
76 64 62
77 31 40
78 62 47
79 50 6
80 3 93
81 62 41
82 33 10
83 36 96
84 62 46
85 65 17
86 38 63
87 32 65
88 48 37
89 6 50
90 28 93
91 75 46
92 72 3
93 3 76
94 34 14
95 67 30
96 44 54
97 94 44
98 68 16
99 98 72
100 19 75
101 33 61
102 58 27
103 14 76
104 22 16
105 18 66
106 1 65
107 72 99
108 54 55
109 98 63
110 47 65
111 94 80
112 18 77
113 16 91
114 65 89
115 20 84
116 79 24
117 64 99
118 74 84
119 98 93
120 5 26
121 90 90
122 90 92
123 6 69
124 97 0
125 16 27
126 68 72
127 19 52
128 75 24
129 85 78
130 61 13
131 95 38
132 29 53
133 14 19
134 89 54
135 20 100
136 80 19
137 29 54
138 82 71
139 64 6
140 15 4
141 27 4
142 42 86
143 40 64
144 70 82
145 77 44
146 65 93
147 69 26
148 76 30
149 86 62
150 5 61
151 17 6
152 70 47
153 51 18
154 69 78
155 79 92
156 92 56
157 84 87
158 31 9
159 26 11
160 68 58
161 98 7
162 69 19
163 83 99
164 48 65
165 32 19
166 25 3
167 2 9
168 44 65
169 29 30
170 59 65
171 16 14
172 63 7
173 70 20
174 1 45
175 68 55
176 43 59
177 43 45
178 82 92
179 30 88
180 49 53
181 17 36
182 83 44
183 60 15
184 91 79
185 70 38
186 48 79
187 36 0
188 51 66
189 96 32
190 37 84
191 98 68
192 92 75
193 36 9
194 19 2
195 0 59
196 33 9
197 91 59
198 6 8
199 79 38
EOF
